chr1	935457	28,29,30,31,33
chr1	936249	28,29,30,32,33
chr1	16482617	1161
chr10	74114731	10947,10948
chr10	76871169	11147
chr10	76871179	11147
chr10	76871819	-1
chr10	77162084	11162,11164,11166,11167,11168,11169
chr10	88515974	11431,11432
chr10	92923288	-1
chr10	102819893	12117
chr10	102820524	12116,12117,12118
chr10	102820543	12116,12117,12118
chr1	16482632	1161
chr10	104677369	12333,12334
chr10	104678014	12333,12334,12335
chr10	104678033	12333,12334,12335
chr10	124767619	12948,12950
chr10	124768345	12949,12950
chr10	124768359	12949,12950
chr11	575649	13277,13279,13280
chr11	576247	13277,13278,13279,13280
chr11	576279	13277,13278,13279,13280
chr11	809044	13349,13351,13353
chr1	16957634	1207,1208
chr11	809879	13350,13352,13353
chr11	809895	13350,13352,13353
chr11	6502585	13747,13748,13749,13750,13751,13752
chr11	6502598	13747,13748,13749,13750,13751,13752
chr11	6503108	13748,13749,13751,13752
chr11	10324165	-1
chr11	10324590	-1
chr11	10325138	13973
chr11	10325573	13973,13974,13975
chr11	10326102	13973,13974,13975
chr1	16958015	1207,1208
chr11	11863459	14033,14034
chr11	11863472	14033,14034
chr11	11863927	14033
chr11	46740692	14856,14857
chr11	58346325	15127,15129
chr11	58346337	15127,15129
chr11	58347194	15127
chr11	62609108	15524,15525,15526,15527
chr11	62609136	15524,15525,15526,15527
chr11	62609734	15525,15526,15527
chr1	16958439	1207,1208
chr11	64879411	15842,15843,15844,15845
chr11	64880205	15842,15844,15845
chr11	65188898	15903
chr11	65189638	15903
chr11	65189760	15903
chr11	65190397	15902,15903
chr11	65190509	15902,15903
chr11	67913159	-1
chr11	67913916	-1
chr11	68038778	-1
chr1	16971280	1210,1211,1212,1214,1215
chr11	68039472	16440
chr11	68039492	16440
chr11	73018503	16749
chr11	73018969	16749,16751,16752
chr11	73019425	16748,16749,16751,16752
chr11	82868243	17133,17134
chr11	95523576	17342,17344,17345,17346
chr11	95523623	17342,17344,17345,17346
chr11	95524292	17342,17344,17346
chr11	121163024	18182
chr1	16971309	1210,1211,1212,1214,1215
chr11	121163318	18182
chr11	121163913	-1
chr11	134094643	18534,18535,18536
chr12	6862264	18935,18936
chr12	6862282	18935,18936
chr12	6862915	18935,18936,18937
chr12	7261127	19049,19050
chr12	7261147	19049,19050
chr12	7261886	19049,19051
chr12	7282498	19054,19055,19057
chr1	16971909	1211,1213,1214,1215
chr12	7283115	19054,19056,19057,19058
chr12	7283453	19054,19056,19058
chr12	9218976	19137
chr12	10366277	19198,19199
chr12	27091379	19508,19509
chr12	27091389	19508,19509
chr12	27091898	19508
chr12	51157620	20172
chr12	51158057	20172,20173
chr12	51158560	20173
chr1	26146639	1840,1842,1843
chr12	54673909	20547,20548,20549
chr12	56552110	20713,20714,20715
chr12	56552131	20713,20714,20715
chr12	56553110	20715
chr12	57853419	20959,20960
chr12	89747492	21534,21535,21538,21540
chr12	107167909	21963,21964
chr12	107167943	21963,21964
chr12	107168734	-1
chr12	118573885	22483,22484,22485
chr1	26146646	1840,1842,1843
chr12	118573909	22483,22484,22485
chr12	118574557	22483,22485
chr12	122231086	22747,22751
chr12	122231721	22747,22748,22749,22751
chr12	122232200	22747,22748,22749,22750,22751
chr12	132568844	23165
chr13	79979730	24277,24279
chr13	79980384	24278,24279
chr13	79980387	24278,24279
chr14	23398968	25362,25363,25364
chr1	936269	28,29,30,32,33
chr1	26147291	1841,1842,1843
chr14	23443030	25368,25369
chr14	23443155	25368,25369
chr14	23443695	25368,25369
chr14	23450530	25376,25379,25380
chr14	23450901	25376,25377,25379,25380
chr14	23451171	25376,25377,25379,25380
chr14	23451925	25376,25377,25378,25379,25380
chr14	23451973	25377,25378,25379,25380
chr14	23770238	25434,25436,25437
chr14	23770922	25435,25437
chr1	28052162	2064
chr14	23770969	25435,25437
chr14	23771888	25435,25438
chr14	24025495	25499,25500,25501,25502
chr14	24025502	25499,25500,25501,25502
chr14	24026099	25499,25500
chr14	35872941	25981,25982,25984
chr14	35873377	25982,25983,25984
chr14	35873808	25982,25983,25985
chr14	38064132	26039
chr14	38064208	26039
chr1	28052175	2064
chr14	38064866	26038,26039
chr14	39901003	26112,26115
chr14	39901524	26113,26114,26115
chr14	39901574	26113,26114,26115
chr14	39902110	26113,26114
chr14	55737983	26432,26433
chr14	55738055	26432,26433
chr14	55738625	26433
chr14	95066281	27778
chr14	105266073	28433
chr1	28052878	-1
chr14	105266667	28433,28434
chr14	105266682	28433,28434
chr14	105947790	-1
chr15	22832931	28539
chr15	22833423	28539
chr15	22833434	28539
chr15	31283520	-1
chr15	41407883	28944,28945,28947
chr15	41408779	28946,28947
chr15	41408797	28946,28947
chr1	33116585	2420,2421,2422,2423
chr15	63796256	29919,29920
chr15	65476897	-1
chr15	65476909	-1
chr15	65477497	30049
chr15	75660326	30611,30612
chr15	75660991	30611,30613
chr15	75661000	30611,30613
chr15	75743783	30624
chr15	85524674	31042
chr16	576924	31732
chr1	33116645	2420,2421,2422,2423
chr16	2014180	32010,32011,32012,32014
chr16	2014881	32011,32012,32013,32014,32015
chr16	2014883	32011,32012,32013,32014,32015
chr16	3070539	32245,32246,32247,32248
chr16	3070971	32246,32247,32248
chr16	3071434	32247,32248
chr16	8960352	32594
chr16	8960358	32594
chr16	8960800	32594
chr16	11945288	32762,32763
chr1	33117246	2420,2421,2423
chr16	11945319	32762,32763
chr16	11945855	32762,32763
chr16	15736669	32921,32923
chr16	15736709	32921,32923
chr16	15737210	32921,32922,32923
chr16	21535144	-1
chr16	28621165	33543,33544,33545
chr16	29911522	33665,33666,33667
chr16	30797793	-1
chr16	30797837	-1
chr1	41157295	2969
chr16	30798523	33889
chr16	31007938	-1
chr16	31008428	-1
chr16	31008880	33926
chr16	31191383	33966
chr16	31191998	33967
chr16	31192015	33967
chr16	31470297	34002,34004,34006
chr16	31470793	34003,34004,34006
chr16	31470832	34003,34004,34006
chr1	41157302	2969
chr16	31471405	34003,34005,34006
chr16	33949573	-1
chr16	33950343	-1
chr16	50582057	34259,34260,34262
chr16	57769129	34646,34647
chr16	57769261	34646,34647
chr16	57769783	34646,34647
chr16	58058894	34678,34680
chr16	58059543	34678,34680
chr16	58059579	34678,34680
chr1	41158063	2970
chr16	67977404	35072
chr16	69788215	-1
chr16	69788721	35264
chr16	69788813	35264
chr16	70715837	35380,35381,35382
chr16	70716316	35381,35382
chr16	70716751	35382
chr16	70717216	35382
chr16	83841060	35916
chr16	83841579	35916
chr1	9310210	-1
chr1	45986962	-1
chr16	83841583	35916
chr16	85548904	36076
chr16	85548938	36076
chr16	85549695	-1
chr16	87425285	36169,36171,36172
chr16	87425836	36170,36171,36172
chr16	87425853	36170,36171,36172
chr16	88554450	-1
chr16	88554508	-1
chr16	88555124	-1
chr1	45987595	3326
chr16	89766747	-1
chr16	89766751	-1
chr16	89767535	36436
chr16	89768370	36436,36437
chr16	89988914	36494,36495
chr17	2302586	36826
chr17	2303451	-1
chr17	2304434	36827
chr17	7307413	37339,37340,37341,37342
chr17	7590877	37462,37464,37465,37466,37467
chr1	45987597	3326
chr17	7591669	37462,37464,37466,37467
chr17	7591738	37462,37464,37466,37467
chr17	18907131	38010
chr17	18907964	38010,38011,38012
chr17	18907974	38010,38011,38012
chr17	20946308	38104
chr17	34890695	38706,38707,38708,38710
chr17	34891352	38706,38707,38709,38710,38711
chr17	34891356	38706,38707,38709,38710,38711
chr17	34900683	38713,38714,38716
chr1	54518696	3748,3749,3751
chr17	34900700	38713,38714,38716
chr17	34901414	38713,38715,38716
chr17	34901429	38713,38715,38716
chr17	34901995	38713,38715
chr17	36887239	38865
chr17	37310072	38914,38915
chr17	37310090	38914,38915
chr17	37310835	38914,38915
chr17	38704846	-1
chr17	38705133	-1
chr1	78148376	4252
chr17	38705804	39155
chr17	40118678	39332,39333,39334
chr17	40118686	39332,39333,39334
chr17	40119487	39333,39334
chr17	40464368	-1
chr17	40714096	39467,39468,39470
chr17	40714104	39467,39468,39470
chr17	40714946	39467,39469,39470,39471
chr17	41622200	39626,39627,39629
chr17	41622707	39629
chr1	78148387	4252
chr17	41623134	39628
chr17	41623630	39628,39630
chr17	42852894	-1
chr17	43225855	39887,39888,39889,39890,39891
chr17	43225874	39887,39888,39889,39890,39891
chr17	43226673	39887,39888,39890,39891
chr17	44270798	40029,40030,40031
chr17	49243339	40615
chr17	49243825	40615,40616,40618
chr17	49244218	40616,40618
chr1	78149036	4252,4253
chr17	49244587	40616,40617,40618
chr17	61919850	-1
chr17	61920414	41245
chr17	61920431	41245
chr17	63556446	41357,41358,41359
chr17	63556721	41357,41358,41359
chr17	63557217	41358,41359,41360
chr17	65713994	41442
chr17	65714003	41442
chr17	65714551	41443
chr1	78444084	4274
chr17	70116688	41606
chr17	70117149	41605,41606,41608
chr17	70117610	41605,41607,41608
chr17	73043279	41790,41791
chr17	73043299	41790,41791
chr17	73043910	41790,41792
chr17	77770339	42439,42440
chr17	77770779	42440,42441
chr17	77771142	42441
chr17	78428567	42554
chr1	78444866	4273,4274
chr17	78428577	42554
chr17	78429008	42554
chr17	79818315	42744,42745,42746
chr17	79819012	42744,42745,42746
chr17	79958064	42808
chr17	79958076	42808
chr17	79958760	42808
chr17	79980582	42818,42819
chr17	79981125	42818,42819
chr17	79981141	42818,42819
chr1	78444874	4273,4274
chr17	80023008	42842,42843
chr17	80023406	42843
chr17	80023733	42843,42844
chr18	5237266	43149,43151,43153
chr18	5237677	43148,43149,43151,43153
chr18	5238079	43148,43150,43151,43153
chr18	19180201	-1
chr18	19180214	-1
chr18	19180862	43425
chr18	29671853	43606,43608
chr1	10093240	757,758,759
chr1	110881619	4945,4946,4947,4948
chr18	29672170	43607,43608
chr18	29672762	43607,43608
chr19	1248618	44509,44511
chr19	2096326	44710,44711
chr19	2096344	44710,44711
chr19	2097110	44710,44711
chr19	10362857	45646
chr19	10362881	45646
chr19	10363339	-1
chr19	11485354	45885
chr1	110881621	4945,4946,4947,4948
chr19	11485476	45885,45886
chr19	11486203	45886,45887
chr19	14228711	46188
chr19	14228724	46188
chr19	14229494	46188
chr19	16770558	46436,46438
chr19	16770882	46436,46437,46438
chr19	16771499	46436,46437,46438
chr19	18263849	46601
chr19	18263868	46601
chr1	110882193	4946,4947,4948,4949
chr19	18264393	-1
chr19	18389085	-1
chr19	40950203	47777,47778,47779
chr19	40971618	47780,47781,47782
chr19	40971641	47780,47781,47782
chr19	40972255	47780,47781,47782
chr19	42363791	47945,47946,47947
chr19	42364278	47946,47947
chr19	42364285	47946,47947
chr19	42376503	-1
chr1	111991438	5010,5011,5012,5014
chr19	46087420	-1
chr19	46087423	-1
chr19	46087905	48339
chr19	46220879	48358
chr19	47730123	-1
chr19	49375587	48782,48783
chr19	49375603	48782,48783
chr19	49376363	48783,48784
chr19	49376366	48783,48784
chr19	49467315	48802,48803
chr1	111991970	5010,5011,5013,5014
chr19	49467971	48802,48803,48804
chr19	51869841	49167
chr19	51870774	49167,49168
chr19	51871230	49167,49168,49169
chr19	51871765	49168,49169
chr19	54640737	49365
chr19	57350719	49686
chr19	57351217	49686
chr2	676783	49923,49924,49925,49927
chr2	677447	49923,49924,49926,49927
chr1	111991974	5010,5011,5013,5014
chr2	677450	49923,49924,49926,49927
chr2	9563705	50137,50138
chr2	9563709	50137,50138
chr2	9564338	50137
chr2	20101472	50440
chr2	20101477	50440
chr2	20101683	50440
chr2	20648532	50491,50493
chr2	20649428	50494
chr2	20649448	50494
chr1	113249484	5101
chr2	20649665	50494
chr2	20793462	50496,50497
chr2	20793473	50496,50497
chr2	20794145	50496
chr2	21265913	50548
chr2	21265989	50548
chr2	26256486	50746
chr2	26256506	50746
chr2	26257054	50746
chr2	27960747	-1
chr1	113250119	5102
chr2	27961414	-1
chr2	27961538	-1
chr2	44395500	51632
chr2	44395607	51632
chr2	44396083	51632
chr2	47402739	51808,51809,51811
chr2	47403663	51809,51810,51811
chr2	47403670	51809,51810,51811
chr2	55844080	52090,52093
chr2	55844911	52090,52091,52092,52093
chr1	113250130	5102
chr2	55844931	52090,52091,52092,52093
chr2	61404292	52185,52186,52187,52188
chr2	61404306	52185,52186,52187,52188
chr2	61405232	52185,52187,52188,52189,52190
chr2	68384132	52501
chr2	68384758	52500,52501
chr2	68384925	52500,52501
chr2	68385140	52500,52501
chr2	68479146	52514,52515
chr2	68479575	52515,52516
chr1	114472078	5165,5166,5167,5168,5169
chr2	68480141	52516
chr2	70369863	-1
chr2	70369881	-1
chr2	70370618	-1
chr2	74374585	52911
chr2	74375072	52910,52911,52912
chr2	74375363	52910,52911,52912
chr2	88354773	-1
chr2	88355194	53377
chr2	88355297	53377
chr1	11072427	830,831
chr1	114472125	5165,5166,5167,5168,5169
chr2	91761129	-1
chr2	91761175	-1
chr2	91761863	-1
chr2	91762316	-1
chr2	91763228	-1
chr2	96057247	-1
chr2	96057514	-1
chr2	96057909	-1
chr2	98612009	-1
chr2	98612021	-1
chr1	114472720	5165,5167,5169
chr2	98612649	53689
chr2	102758955	53916,53917,53918
chr2	102759480	53916,53918
chr2	102759599	53916,53918
chr2	110371065	54095
chr2	110371757	54094,54095,54097
chr2	110371763	54094,54095,54097
chr2	111879966	54119,54120,54121
chr2	113033072	54161
chr2	113033075	54161
chr1	151763212	5791,5792
chr2	113034072	-1
chr2	113239166	54177
chr2	131113629	54707,54708
chr2	139259599	54932,54933
chr2	148601748	55022
chr2	148601805	55022
chr2	148602319	55021,55022
chr2	160142905	-1
chr2	161349324	55395
chr2	161349350	55395
chr1	151763962	5791
chr2	161350256	55395,55396,55397
chr2	173420443	55855,55856
chr2	173420825	55856
chr2	173421366	-1
chr2	176031929	-1
chr2	176032905	55974,55975
chr2	176032909	55974,55975
chr2	191746420	-1
chr2	201676542	56822,56823,56825,56826,56827
chr2	201676572	56822,56823,56825,56826,56827
chr1	151763987	5791
chr2	201677390	56822,56824,56826,56827
chr2	204399594	57080
chr2	204399960	57080,57081
chr2	204400486	57081
chr2	215673942	57369
chr2	215674252	57368,57369
chr2	215674617	57368,57369
chr2	215674948	57368,57369
chr2	219157201	57597,57598
chr2	219188016	57599
chr1	154909180	6041
chr2	219188121	57599
chr2	219188771	-1
chr2	219263679	57615
chr2	219264483	57614,57615,57616,57617
chr2	219264501	57614,57615,57616,57617
chr2	219265483	57614,57616,57617,57618
chr2	219923516	57692
chr2	220072278	57722,57723
chr2	227665299	58013,58014,58015
chr2	227665868	58014,58015
chr1	154909190	6041
chr2	232575070	58264,58266,58267,58268,58269
chr2	238876322	58576
chr2	239196829	-1
chr2	239197531	58614
chr2	239197622	58614
chr2	239198360	58614
chr2	241500438	58713
chr2	242254769	58856,58857,58859
chr2	242714314	58947,58948
chr2	242750076	58949,58950,58952
chr1	154909663	6041
chr20	278162	58982,58984,58985
chr20	278195	58982,58984,58985
chr20	279063	58983,58984,58985,58986
chr20	305250	58988,58990,58991
chr20	351692	-1
chr20	351824	-1
chr20	352459	-1
chr20	352597	-1
chr20	361521	59003,59004
chr20	362404	-1
chr1	155099744	6099,6100
chr20	388364	59009,59010,59011
chr20	388381	59009,59010,59011
chr20	388796	59009,59010,59011
chr20	389276	59009,59011
chr20	389620	59009,59012
chr20	633975	59039,59040
chr20	2853205	59204
chr20	2853509	59204
chr20	2853916	59204
chr20	3776704	59329,59330
chr1	155100442	6100,6101
chr20	3776723	59329,59330
chr20	3777456	59330
chr20	4089475	-1
chr20	4089495	-1
chr20	4089886	-1
chr20	5591110	-1
chr20	5591625	59485
chr20	5591645	59485
chr20	10653499	59653,59654,59656
chr20	10653946	59654,59656
chr1	11072442	830,831
chr1	155178409	6126,6127,6129,6130
chr20	17592357	-1
chr20	21106330	59921
chr20	21106771	59921
chr20	21107305	-1
chr20	25581340	-1
chr20	26190053	60158,60159
chr20	30192168	60192,60193
chr20	30193149	60193
chr20	30193151	60193
chr20	30194807	60194
chr1	155178785	6126,6128,6129,6130
chr20	30194974	60194
chr20	30195466	60194
chr20	31132506	-1
chr20	32699473	-1
chr20	32700155	60428
chr20	32700192	60428
chr20	33264325	60480
chr20	33264716	60480
chr20	33264979	60479,60480
chr20	33300044	60492,60493
chr1	155179239	6126,6128,6130
chr20	33301008	60493
chr20	33462004	60516,60517
chr20	33462036	60516,60517
chr20	33462673	60517,60518
chr20	34205060	60607,60608
chr20	34205254	60608
chr20	34205829	-1
chr20	34286715	60623
chr20	34541821	60653,60654,60656,60657
chr20	34542498	60653,60655,60656,60657
chr1	155293947	6177,6179,6181,6182,6183,6184,6185
chr20	34542517	60653,60655,60656,60657
chr20	35203154	60709,60712
chr20	35203533	60709,60712
chr20	35203903	-1
chr20	35806770	60769,60770
chr20	35807580	60770
chr20	35807618	60770
chr20	35808062	60771
chr20	37062966	60898
chr20	37063939	60899
chr1	155294594	6177,6179,6181,6183,6184,6185,6186
chr20	37063949	60899
chr20	37359687	60923
chr20	37360287	-1
chr20	37360311	-1
chr20	37590778	60945,60946
chr20	39766354	60974,60977,60978,60979
chr20	39968799	61006
chr20	39968842	61006
chr20	39969532	61006
chr20	43022850	-1
chr1	167905794	6871,6873
chr20	43023269	-1
chr20	43023365	-1
chr20	43062948	-1
chr20	43062960	-1
chr20	43063362	-1
chr20	44420577	61267,61268,61269,61270
chr20	44420586	61267,61268,61269,61270
chr20	44421549	61267,61268
chr20	44462324	61277,61278,61279
chr20	44462414	61277,61278,61279
chr1	167905805	6871,6873
chr20	44462927	61278,61279
chr20	45318001	61417,61418
chr20	45318021	61417,61418
chr20	45318519	61417,61418,61419
chr20	45947217	61456
chr20	45985789	61465,61466,61467
chr20	45985813	61465,61466,61467
chr20	45986603	61466,61467,61468
chr20	48788634	61666
chr20	48789110	61665,61666
chr1	167906721	6871,6874,6875
chr20	48789162	61665,61666
chr20	48810175	61672
chr20	49005364	-1
chr20	49005933	-1
chr20	49006230	-1
chr20	49015302	-1
chr20	49015633	-1
chr20	49015655	-1
chr20	49016159	-1
chr20	49574334	61712
chr1	169075632	6907
chr20	49575038	61711,61712
chr20	49575160	61711,61712
chr20	50808119	61751
chr20	56136895	61856
chr20	56142299	-1
chr20	56142851	-1
chr20	56143228	-1
chr20	56143897	-1
chr20	56144220	-1
chr20	60709092	62072
chr1	173837166	7046,7047,7048,7049,7050,7051,7053
chr20	60709965	62073
chr20	60710083	62073
chr20	60710941	62073
chr20	60877175	62108,62109,62110
chr20	60877261	62108,62109,62110
chr20	60877851	62109,62110,62111,62112
chr20	61568395	62211,62213
chr20	61569359	62212,62213
chr20	61569369	62212,62213
chr20	61583934	62221,62222,62223
chr1	11072655	830,831
chr1	173837180	7047,7048,7049,7050,7051,7053
chr20	61584494	62221,62223
chr20	61584868	62221
chr20	61585602	62221
chr20	61585707	62221
chr20	62289629	62364,62365,62366
chr20	62289654	62364,62365,62366
chr20	62290151	62365,62366
chr20	62368330	62390
chr20	62368887	62390
chr20	62369265	62390,62392
chr1	173837902	7048,7049,7052,7053
chr20	62369926	62392,62393
chr20	62600565	62454,62455
chr20	62601310	62456
chr20	62601323	62456
chr20	62609584	-1
chr20	62694292	62482
chr20	62820208	-1
chr20	62820930	-1
chr20	62821073	-1
chr21	27107416	62582,62583
chr1	178063325	7116,7117,7118
chr21	27107421	62582,62583
chr21	27108349	62582,62584
chr21	34143692	62711,62712,62714
chr21	34144307	62712,62713,62714
chr21	34144327	62712,62713,62714
chr21	38445069	62913,62914
chr21	38445403	62913,62914
chr21	38445860	62913
chr22	25348285	64300
chr22	25349001	-1
chr1	182992654	7320
chr22	25349019	-1
chr22	39915492	65329,65330
chr22	39916173	65328,65329,65330
chr22	39916199	65328,65329,65330
chr22	39916640	65328,65329,65330,65331
chr22	43010954	65630
chr22	43010963	65630
chr22	43011549	65630
chr22	50352921	65993
chr3	4534090	66184
chr1	228290114	8698,8699,8701
chr3	4535038	66183,66184
chr3	4535061	66183,66184
chr3	38045738	-1
chr3	39194911	67194,67195
chr3	39195451	67194,67195
chr3	49131086	67831,67832
chr3	49131531	67831,67833
chr3	49131541	67831,67833
chr3	52444044	68264,68265,68266,68267
chr3	52444059	68264,68265,68266,68267
chr1	228291006	8698,8700,8701
chr3	52444759	68265,68266,68267,68268
chr3	127770366	69766
chr3	127771040	69766
chr3	127771061	69766
chr3	128997853	69882,69883
chr3	135914499	-1
chr3	135915151	70132
chr3	135915248	70132
chr3	149688099	70479,70480,70482
chr3	149688530	70480,70482
chr1	228291025	8698,8700,8701
chr3	149688887	70481,70482
chr3	160473490	70725,70726,70727,70728,70729
chr3	177076928	-1
chr3	185826348	71264
chr3	185826360	71264
chr3	185826859	71264,71265
chr3	187458003	71351,71352,71353
chr3	187458555	71352,71353,71354
chr3	187458842	71352,71353,71354
chr3	187871397	71364
chr1	234743799	8947,8948,8949,8951
chr3	187871516	71364
chr3	187872158	71365
chr3	193854643	-1
chr4	53946	-1
chr4	2537370	-1
chr4	83350668	73352,73353,73354,73355,73357
chr4	83351594	73355,73356,73357
chr4	83351604	73355,73356,73357
chr4	114683099	73819
chr4	114683804	73819
chr1	234748627	8953,8954
chr4	114683814	73819
chr4	128982379	73966
chr4	128982400	73966
chr4	128982930	-1
chr4	146019438	74114,74115
chr4	146019444	74114,74115
chr4	146020027	74114,74116
chr5	39073563	75421
chr5	39074494	75420,75421
chr5	39074513	75420,75421
chr1	244998212	9161,9162
chr5	39075224	75420
chr5	56469376	75684,75685
chr5	56469861	75684,75685,75686
chr5	56469865	75684,75685,75686
chr5	65439998	75826,75827
chr5	65440003	75826,75827
chr5	65440758	75827
chr5	67511026	75853
chr5	67511468	75853
chr5	67511780	75853
chr1	16161779	1110
chr1	247275758	9247,9248
chr5	96270963	76501,76502,76503,76505
chr5	133841731	77117
chr5	133842296	77117
chr5	133842708	-1
chr5	137799844	77320,77321
chr5	137800665	77320,77321,77323
chr5	137800681	77320,77321,77323
chr5	137801129	77321,77323
chr5	137802080	77322,77323,77326
chr5	137802378	77322,77323,77326
chr10	3816724	-1
chr5	138940733	77433,77434
chr5	138940739	77433,77434
chr5	138941589	77433,77435,77436
chr5	162864539	78311,78312
chr5	162864560	78311,78312
chr5	162865000	78312
chr5	170814788	78372
chr5	170814832	78372
chr5	170815472	-1
chr5	172755310	78466,78467,78469
chr10	3817584	-1
chr5	179247898	78796,78797
chr5	179248236	78797,78798
chr5	179248739	78797,78798
chr6	2246032	79003,79004
chr6	13573996	79477
chr6	13574630	79476,79477
chr6	13574649	79476,79477
chr6	17706407	79594,79596
chr6	17707185	79595,79596
chr6	17707211	79595,79596
chr10	3817617	-1
chr6	26026646	-1
chr6	26027460	79837
chr6	26027479	79837
chr6	27440204	79964,79966
chr6	27440710	79964,79965,79966
chr6	27440723	79964,79965,79966
chr6	28104641	80006,80007
chr6	28104643	80006,80007
chr6	28105192	80006,80008
chr6	28863433	-1
chr10	3818121	-1
chr6	28863435	-1
chr6	28864111	-1
chr6	30736682	-1
chr6	30737469	-1
chr6	30737494	-1
chr6	31763165	-1
chr6	31763732	80506
chr6	31763761	80506
chr6	32164386	80665,80666,80667
chr6	44041644	81750
chr10	5726575	9469
chr6	47277137	81909
chr6	47277641	81910
chr6	47277767	81910
chr6	108278863	82752
chr6	108279395	82752,82754
chr6	108279401	82752,82754
chr6	116574668	83024,83025,83026,83028
chr6	116575331	83024,83025,83026,83027,83028
chr6	116575338	83024,83025,83026,83027,83028
chr6	119399278	-1
chr10	5726596	9469
chr6	119400019	83136
chr6	119400029	83136
chr6	139695669	83741,83742
chr6	139695684	83741,83742
chr6	139696647	83742
chr6	143268126	83791,83792
chr6	143381562	83800
chr6	143381660	83800
chr6	143382049	83799,83800
chr6	144607545	83859,83861
chr10	5727074	-1
chr6	149638636	83990,83991
chr6	149638655	83990,83991
chr6	149639221	83991
chr6	151711727	84106,84109,84110
chr6	151711730	84106,84109,84110
chr6	151712440	84107,84109,84110
chr6	155054483	84207,84209
chr6	155054503	84207,84209
chr6	155054948	84208,84209
chr6	166796344	84675,84676
chr10	14226980	-1
chr6	167918407	-1
chr6	170102162	84848,84849,84851,84852
chr6	170102166	84848,84849,84851,84852
chr6	170102634	84848,84851,84852,84853
chr7	7679913	85416,85417,85418
chr7	7680470	85416,85417,85418
chr7	7680479	85416,85417,85418
chr7	26241445	85649,85650,85651
chr7	74072222	86684
chr7	75544355	86730
chr10	14227671	-1
chr7	75544390	86730
chr7	75545196	-1
chr7	75677361	86748,86749
chr7	75677371	86748,86749
chr7	75678018	86748
chr7	77427631	86831,86832
chr7	77428144	86831,86832
chr7	77428433	86831
chr7	79081422	86852,86855
chr7	79081929	86851,86852,86855
chr1	16481686	1160
chr10	14227714	-1
chr7	79082352	86851,86852,86853,86855
chr7	97881142	87171
chr7	97881171	87171
chr7	97881711	87170,87171
chr7	97882126	87170
chr7	100026523	87442,87444,87445,87446,87447
chr7	100472587	87540,87541
chr7	100472614	87540,87541
chr7	100473223	87540
chr7	137686459	88644
chr10	21785374	-1
chr7	137686994	88643,88644
chr7	137687013	88643,88644
chr7	155601024	89287
chr8	103666359	91549,91550,91551,91552
chr8	103667188	91550,91551,91554
chr8	103818944	91555,91556,91558
chr8	103819834	91555,91557,91558
chr8	103820277	91555,91557,91558
chr8	124286925	91811,91813
chr8	145654642	92542
chr10	21785867	-1
chr8	145691512	92552,92553,92554,92555,92557
chr9	20684202	92958
chr9	20684207	92958
chr9	20684682	-1
chr9	34376502	-1
chr9	34376823	93157
chr9	34377315	93157
chr9	35072119	-1
chr9	35072499	93220
chr9	35072521	93220
chr10	21785978	-1
chr9	80647048	93678,93679
chr9	99180386	94153,94154
chr9	125667065	-1
chr9	125667669	95033
chr9	125667671	95033
chr9	130158924	95274
chrX	40944027	96883,96885,96887
chrX	40944044	96883,96885,96887
chrX	40944894	96884,96885,96886,96887
chrX	40944904	96884,96885,96886,96887
chr10	43903454	10307
chrX	40945887	96884,96886
chrX	53710992	97163
chrX	53711221	97163
chrX	53711254	97163
chr10	46969529	10368,10369
chr10	46970132	10368,10372
chr10	71891706	-1
chr10	74113961	10947
chr10	74114657	10947,10948
