chr1	46153067	3348,3349,3350,3352
chr1	155099259	6099,6100
chr11	82868005	17133,17134
chr6	31509684	80399,80400,80401
chr6	32936714	80722,80723,80724,80725
chr6	34759774	80959
chr6	144606687	83859,83860,83861
chr7	7221971	85398,85400
chr7	7222179	85398,85400
chr7	7222540	85400
chr7	106809401	87889,87890
chr8	145654029	92540,92542
chr11	82868205	17133,17134
chr11	82868827	17134
chr12	89747242	21534,21535,21537,21538,21540
chr14	23771226	25435,25437
chr14	24050341	25522
chr14	24053029	-1
chr14	24610749	25580
chr14	31495553	25791,25792
chr14	35451702	25956,25957,25958
chr1	155099826	6099,6100
chr14	35451902	25956,25957,25958
chr14	35452354	25956,25958
chr14	35873096	25981,25982,25983,25984
chr14	35873299	25982,25983,25984
chr14	35873936	25982,25983,25985
chr15	38544119	28764,28766
chr16	11836939	32742
chr16	15736552	32921,32923
chr16	15736756	32921,32923
chr16	15737222	32921,32922,32923
chr1	234746059	8950,8952
chr16	67596422	34997,34998
chr16	67597097	34997,34999
chr17	7387722	37374,37375
chr17	27071528	-1
chr17	37894631	39004,39005,39006
chr17	40830172	39504,39505
chr17	41622981	39628,39629
chr17	45727343	40129,40130
chr17	45973097	40177,40178,40179
chr17	45973529	40177,40178,40179
chr1	234746589	8952,8953
chr17	45973950	40177,40179
chr17	62224037	-1
chr17	62224448	-1
chr17	62224955	-1
chr17	63556456	41357,41358,41359
chr17	63556826	41358,41359
chr17	63557306	41359,41360
chr17	72427539	41715,41716
chr17	74733393	42144,42147,42148,42150
chr17	77813706	42447,42448
chr1	234747031	8952,8953,8954
chr17	79950308	42803
chr17	79958170	42808
chr17	80198956	42888
chr19	1248639	44509,44511
chr19	1249544	44510,44511,44513
chr19	45250914	48195
chr19	47616370	48542
chr19	47730517	48551
chr2	21262271	-1
chr2	21266012	50548
chr1	235011438	-1
chr2	38633942	-1
chr2	62932860	52291,52292
chr2	64067939	52331,52332,52333,52335
chr2	64068167	52331,52332,52333,52335
chr2	64068874	52331,52333,52335
chr2	64978120	52408,52409,52410,52411
chr2	65662966	52470,52471
chr2	65663398	52471
chr2	65663773	52471
chr2	68479053	52514,52515
chr10	21813976	-1
chr2	68479668	52515,52516
chr2	68479886	52516
chr2	97534963	53628,53630,53631,53633
chr2	113032973	54161
chr2	113033696	-1
chr2	113033896	-1
chr2	165697976	55500
chr2	174829578	55904,55905,55906
chr20	307009	58988,58989,58991
chr20	328415	58995,58997,58998,59000,59001
chr11	47206985	14913
chr20	2853967	59204
chr20	32581738	60413,60414,60415
chr20	34204982	60607,60608
chr20	35202575	60709,60711,60712
chr20	52210336	61773
chr20	52210748	61772,61773
chr20	52211228	61772
chr20	57466061	61952
chr20	57466433	61952
chr20	57467027	61953
chr11	65266062	15923,15927
chr20	62587808	62448
chr22	31741951	64691,64692,64693,64694
chr22	31742399	64691,64692,64693,64694
chr22	31742746	64691,64692,64694
chr3	48471040	67698
chr3	119814017	69383,69385,69387
chr4	1768602	-1
chr6	26124061	79853,79854,79855
chr6	26157518	79858
chr6	26158466	79858
