chr1	994112	60
chr1	1266270	-1
chr1	1343191	165,166
chr1	45965714	3321,3322,3323
chr15	40632462	28853
chr15	40632483	28853
chr15	40632970	28853,28854,28855
chr15	40986901	28897,28899
chr15	40986905	28897,28899
chr15	40987316	28898,28899
chr15	41056251	28912
chr15	41576094	28957
chr15	41576119	28957
chr15	41576508	-1
chr1	45965749	3321,3322,3323
chr15	41785825	28985
chr15	41786731	-1
chr15	41786743	-1
chr15	41860268	29004
chr15	41860823	29004
chr15	41860830	29004
chr15	42264741	29048,29049
chr15	43028774	29132,29134
chr15	43029180	29133,29134
chr15	43029582	29133,29134
chr1	45974183	-1
chr15	43803135	29198,29199
chr15	43803153	29198,29199
chr15	43803918	29198
chr15	44068541	29228,29230
chr15	45103745	-1
chr15	45103785	-1
chr15	45104385	-1
chr15	48623786	29345,29346,29348
chr15	48623800	29345,29346,29348
chr15	48624328	29345,29347,29348
chr1	45974197	-1
chr15	48624570	29345,29347,29348
chr15	49447918	29384,29385
chr15	49447939	29384,29385
chr15	49448589	29384
chr15	50647386	29408,29409,29411,29412
chr15	50647397	29408,29409,29411,29412
chr15	50647600	29408,29409,29411,29412
chr15	50715751	29416
chr15	50715786	29416
chr15	50716574	29416
chr1	45974631	-1
chr15	50716705	29416
chr15	52580707	-1
chr15	52580753	-1
chr15	52581664	-1
chr15	56034563	-1
chr15	56035317	29616,29617
chr15	56035322	29616,29617
chr15	57210829	29656,29657,29658,29659
chr15	57210834	29656,29657,29658,29659
chr15	57211767	29656,29657,29659
chr1	46712858	3399,3400
chr15	58624562	29707
chr15	58624582	29707
chr15	58625038	29707
chr15	62352078	29854
chr15	62352772	29853,29854
chr15	62352792	29853,29854
chr15	63893237	29927,29928
chr15	65425350	30044
chr15	65425363	30044
chr15	65426240	30044,30045
chr1	46713351	3399,3400
chr15	65476898	-1
chr15	65476901	-1
chr15	65477468	-1
chr15	65903522	30091,30092
chr15	65903544	30091,30092
chr15	65904380	30091
chr15	66161681	30110
chr15	66161751	30110
chr15	66162567	-1
chr15	68521850	30227,30228
chr1	46713368	3399,3400
chr15	69111138	30257,30258,30260,30261
chr15	69112785	30263
chr15	69113324	30262,30263
chr15	69113326	30262,30263
chr15	72522866	30369,30370
chr15	72523704	30371
chr15	72523715	30371
chr15	77712352	30724,30725,30726,30727
chr15	77713121	30725,30727
chr15	77713212	30725,30727
chr1	46714032	3400
chr15	85143720	30999
chr15	85144366	30999
chr15	85144376	30999
chr15	85524588	31042
chr15	86337577	-1
chr15	86338152	31091
chr15	86338217	31091
chr15	91474441	-1
chr15	98503711	31436
chr15	98503723	31436
chr1	47903141	3491,3493
chr15	98504700	-1
chr15	100105327	31506,31508,31509
chr15	100106121	31507,31508,31509
chr15	100106132	31507,31508,31509
chr15	100106800	31507,31509
chr15	101809522	-1
chr16	638865	31749,31750
chr16	639812	31748,31749,31750
chr16	639817	31748,31749,31750
chr16	686307	31760
chr1	3374266	374
chr1	53792618	3707
chr16	686954	31760,31761
chr16	686959	31760,31761
chr16	687897	31760,31761
chr16	698201	31766,31767
chr16	699163	31766,31767
chr16	699169	31766,31767
chr16	1140095	-1
chr16	1141081	-1
chr16	1141091	-1
chr16	1662064	31945,31946,31948
chr1	54873055	3772
chr16	1662900	31946,31947,31949
chr16	1662916	31946,31947,31949
chr16	1822169	31971,31972,31973,31974,31976,31978
chr16	1823079	31973,31975,31977,31978
chr16	1823141	31973,31975,31977,31978
chr16	2014158	32010,32011,32012,32014
chr16	2014863	32011,32012,32013,32014,32015
chr16	2014875	32011,32012,32013,32014,32015
chr16	2198444	32072,32073
chr16	2199015	32073
chr1	55313376	-1
chr16	2199372	32073
chr16	2570385	32152
chr16	2570390	32152
chr16	2571041	32153
chr16	2582082	32155
chr16	3019262	32227
chr16	3507677	32308
chr16	3507685	32308
chr16	3508580	32307
chr16	4420970	32409
chr1	55313965	-1
chr16	4437123	-1
chr16	4664936	32449,32450
chr16	4664960	32449,32450
chr16	4665538	32449,32450
chr16	4666225	32449,32450
chr16	4666235	32449,32450
chr16	5063093	32506
chr16	8769321	-1
chr16	8769707	-1
chr16	8891688	32580,32581,32582
chr1	55314673	-1
chr16	8891700	32580,32581,32582
chr16	8892321	32580,32581
chr16	8982148	-1
chr16	8982504	-1
chr16	8983030	-1
chr16	9013155	-1
chr16	9013159	-1
chr16	9013768	-1
chr16	9185270	32615,32616
chr16	9185291	32615,32616
chr1	55354005	3816,3817
chr16	9186016	-1
chr16	9186831	32617
chr16	9186837	32617
chr16	11836832	32742
chr16	11836873	32742
chr16	11837601	32742
chr16	14379061	-1
chr16	14379810	32858
chr16	14379815	32858
chr16	14380484	32858
chr1	59245809	-1
chr16	15149255	-1
chr16	15150047	32889
chr16	15150067	32889
chr16	15736661	32921,32923
chr16	15737099	32921,32922,32923
chr16	15737137	32921,32922,32923
chr16	16043634	32966
chr16	16091401	-1
chr16	16242763	-1
chr16	16243732	-1
chr1	59245868	-1
chr16	19124152	33028
chr16	19125030	33028
chr16	19125038	33028
chr16	19125809	33029,33030
chr16	21535081	-1
chr16	21536882	-1
chr16	21536889	-1
chr16	21537527	-1
chr16	23690151	33334
chr16	23690164	33334
chr1	59246704	-1
chr16	23690869	33335
chr16	24550814	33360,33361
chr16	24550929	33360,33361
chr16	24551470	33361
chr16	25118573	33421
chr16	25118592	33421
chr16	25119509	33421
chr16	25269283	33433,33434,33435,33436
chr16	25269311	33433,33434,33435,33436
chr16	25269510	33433,33434,33436
chr1	61542821	3916
chr16	27324891	33456
chr16	27325745	-1
chr16	27325765	-1
chr16	28222531	-1
chr16	28936376	33579,33580
chr16	29690550	33612,33613
chr16	29690553	33612,33613
chr16	29690930	33613
chr16	29816146	33624,33625
chr16	29816989	33625,33627
chr1	3695324	410
chr1	61542824	3916
chr16	29817044	33625,33627
chr16	30103267	33731,33732
chr16	30103312	33731,33732
chr16	30103923	33731,33732,33733
chr16	30546314	33805,33806
chr16	30546346	33805,33806
chr16	30547209	33805
chr16	30797818	-1
chr16	30797830	-1
chr16	30798445	33889
chr1	61543747	-1
chr16	30933096	33899,33901
chr16	30933869	33898,33899,33901,33902
chr16	30933878	33898,33899,33901,33902
chr16	30934687	33898,33900,33901,33902
chr16	30996359	33916,33917
chr16	30996910	33917
chr16	30997020	33917
chr16	30997661	33918
chr16	31044481	33929,33930
chr16	31085591	33940,33941,33942,33944,33945,33946
chr1	61547682	3919
chr16	33943184	-1
chr16	33943819	-1
chr16	33950344	-1
chr16	46722557	34082
chr16	46723180	34080,34082
chr16	46723194	34080,34082
chr16	48277341	34156
chr16	48278188	34156
chr16	48278194	34156
chr16	48278754	34157
chr1	61547710	3919
chr16	48643425	-1
chr16	48643431	-1
chr16	48644202	34191
chr16	48644254	34191
chr16	50344085	-1
chr16	50344591	-1
chr16	50344631	-1
chr16	50345487	34245
chr16	50406331	-1
chr16	50406964	-1
chr1	61548415	3918
chr16	50407265	-1
chr16	50582050	34259,34260,34262
chr16	54210444	-1
chr16	54210483	-1
chr16	54211393	-1
chr16	56458838	34477
chr16	56484852	34487
chr16	56485405	34486,34487
chr16	56485407	34486,34487
chr16	56486151	34486
chr1	67895484	-1
chr16	56763125	34515
chr16	56764046	34514,34515
chr16	56764052	34514,34515
chr16	56975945	34533
chr16	57768835	34646
chr16	57769279	34646,34647
chr16	57769291	34646,34647
chr16	57769519	34646,34647
chr16	58034504	34672,34673,34674,34675
chr16	58035016	34672,34674,34675
chr1	67896236	4121,4122
chr16	58035437	34672,34674,34675
chr16	58035778	34675
chr16	58163336	34688
chr16	58163363	34688
chr16	58163545	34688
chr16	58663260	34761
chr16	58663779	34761,34762
chr16	58663806	34761,34762
chr16	58664411	34761,34762
chr16	66551185	-1
chr1	67896248	4121,4122
chr16	66638247	34828,34829
chr16	67280839	34942
chr16	67281570	34941,34942,34943
chr16	67281572	34941,34942,34943
chr16	67926942	35060
chr16	67926961	35060
chr16	67927568	-1
chr16	68000422	-1
chr16	68000935	-1
chr16	68001409	-1
chr1	85930274	4335
chr16	68118636	35096,35097,35099
chr16	68119165	35097,35099
chr16	68119177	35097,35099
chr16	68270891	35112,35113,35115,35116
chr16	68271575	35113,35115,35116
chr16	68271670	35115,35116
chr16	70716903	35382
chr16	70717303	35382
chr16	70717818	35383
chr16	71879851	35472
chr1	85930961	4336
chr16	71879862	35472
chr16	71880488	-1
chr16	73081500	-1
chr16	73082154	35555
chr16	73082420	35555
chr16	75261148	-1
chr16	75339465	35674
chr16	75599818	35696
chr16	75600458	35696,35697
chr16	75600483	35697
chr1	3696161	-1
chr1	85930966	4336
chr16	81347549	35852,35854
chr16	81348383	35852,35853,35854
chr16	81348396	35852,35853,35854
chr16	81349343	35853
chr16	81479792	35865,35866
chr16	81480285	35865
chr16	81483135	-1
chr16	85192391	-1
chr16	85556853	-1
chr16	85557428	-1
chr1	87794171	4382
chr16	85557747	-1
chr16	85833368	36109,36110,36112
chr16	85833828	36109,36111,36112
chr16	85834113	36109,36111,36112
chr16	87422097	-1
chr16	87422121	-1
chr16	87423093	-1
chr16	87984619	36229
chr16	87985080	36229,36230
chr16	87985095	36229,36230
chr1	87794544	4382
chr16	88554478	-1
chr16	88554482	-1
chr16	88554681	-1
chr16	88636165	36261
chr16	88636744	36260,36261
chr16	88636762	36260,36261
chr16	88870954	36300,36302,36303
chr16	88923569	36316,36317
chr16	88924287	36316,36318
chr16	88924307	36316,36318
chr1	87795078	4383
chr16	89258851	-1
chr16	89259344	-1
chr16	89259693	-1
chr16	89766779	-1
chr16	89766789	-1
chr16	89767509	36436
chr16	89984394	36490,36491,36492
chr16	89984455	36490,36491,36492
chr16	89985286	36491,36492
chr16	89988942	36494,36495
chr1	93297621	4508,4509
chr16	89988965	36494,36495
chr16	89989801	36494,36495
chr17	1359638	36632
chr17	1552718	36681
chr17	1619841	36707,36708,36709
chr17	1620500	36707,36708
chr17	1620516	36707,36708
chr17	3570740	36919
chr17	4268558	-1
chr17	4269288	-1
chr1	93297655	4508,4509
chr17	4269308	-1
chr17	4270156	36990
chr17	4901487	37097,37099,37100
chr17	7117877	37264
chr17	7118446	37264
chr17	7118452	37264
chr17	7184031	37305
chr17	7185020	37305
chr17	7185026	37305
chr17	7185765	-1
chr1	93297824	4509
chr17	7307397	37339,37340,37341,37342
chr17	7307970	37339,37340,37341,37342
chr17	7307973	37339,37340,37341,37342
chr17	7464498	37406
chr17	7465268	37405,37406,37407
chr17	7465272	37405,37406,37407
chr17	7482630	37424
chr17	7482834	37424
chr17	7482862	37424
chr17	7589368	37463,37465
chr1	93426824	4521
chr17	7589370	37463,37465
chr17	7590024	37462,37463,37465,37466
chr17	7590827	37462,37464,37465,37466,37467
chr17	7591673	37462,37464,37466,37467
chr17	7591725	37462,37464,37466,37467
chr17	7746014	37481
chr17	7746996	37481
chr17	7747565	37481
chr17	14276688	37718
chr17	14276736	37718
chr1	93913749	4558
chr17	14277392	37718
chr17	17109753	37847
chr17	17724040	37904,37905,37906
chr17	17739616	-1
chr17	17739644	-1
chr17	17740479	37910,37911
chr17	18086875	37940,37941,37944
chr17	18086888	37940,37941,37944
chr17	18087866	37942,37943,37944,37945
chr17	18907357	38010,38011
chr1	93914393	-1
chr17	18907978	38010,38011,38012
chr17	18907990	38010,38011,38012
chr17	21214721	-1
chr17	21218989	-1
chr17	27717313	38353,38354
chr17	27717318	38353,38354
chr17	27718131	38353,38355
chr17	27917492	38392,38393,38395
chr17	30771426	38572
chr17	30771454	38572
chr1	6507500	508,509,510
chr1	93914668	-1
chr17	30771898	-1
chr17	34890835	38706,38707,38708,38710
chr17	34891349	38706,38707,38709,38710,38711
chr17	34891353	38706,38707,38709,38710,38711
chr17	34900675	38713,38714,38716
chr17	34901414	38713,38715,38716
chr17	34901419	38713,38715,38716
chr17	36769671	-1
chr17	36770367	-1
chr17	36770386	-1
chr1	94527857	4597
chr17	36860304	38847,38848
chr17	36860319	38847,38848
chr17	36861274	38848
chr17	36905281	38872
chr17	36908208	38874
chr17	36908822	38874
chr17	36908888	38874
chr17	37557966	38938,38939,38940
chr17	37557975	38938,38939,38940
chr17	37558888	38938,38939,38941
chr1	95006854	4617
chr17	37558907	38938,38939,38941
chr17	37895044	39005,39006
chr17	38083164	39025,39028
chr17	38083888	39025,39026,39027,39028
chr17	38083904	39025,39026,39027,39028
chr17	38254539	39067
chr17	38254544	39067
chr17	38255263	-1
chr17	38255292	-1
chr17	38498004	39117,39118
chr1	95007171	4617,4618
chr17	39942334	39290,39291
chr17	39943128	39291,39292
chr17	39943149	39291,39292
chr17	39969124	39295,39296,39298,39299
chr17	39969143	39295,39296,39298,39299
chr17	39969648	39295,39296,39298
chr17	40074524	-1
chr17	40075350	39329
chr17	40075364	39329
chr17	40118678	39332,39333,39334
chr1	95007526	4617,4618
chr17	40118700	39332,39333,39334
chr17	40119591	39333,39334
chr17	40305699	-1
chr17	40305796	-1
chr17	40306152	-1
chr17	40307129	39372
chr17	40307134	39372
chr17	40463700	-1
chr17	40464435	-1
chr17	40464454	-1
chr1	109289202	4753
chr17	40688211	39453
chr17	40688218	39453
chr17	40689065	39454,39455
chr17	40830529	39504,39505
chr17	40830538	39504,39505
chr17	40831190	39505
chr17	41150367	39572,39573
chr17	41150857	39573
chr17	41150865	39573
chr17	41400087	-1
chr1	109289214	4753
chr17	41400667	-1
chr17	41400749	-1
chr17	41438549	39608,39609
chr17	41438565	39608,39609
chr17	41439209	39608,39609
chr17	41439223	39608,39609
chr17	41607774	39625
chr17	41608328	39625
chr17	41608338	39625
chr17	42186316	-1
chr1	109289764	-1
chr17	42186327	-1
chr17	42186794	39692
chr17	42263956	39703,39704,39705
chr17	42264036	39703,39704,39705
chr17	42264905	39703,39705,39706,39707,39708
chr17	42276712	39717,39718,39719
chr17	42276714	39717,39718,39719
chr17	42277449	39718,39719,39720
chr17	42277485	39718,39719,39720
chr17	43024734	39860
chr1	113217074	5090
chr17	43025215	39859,39860
chr17	43025228	39859,39860
chr17	43224371	39886,39889
chr17	43225224	39887,39889,39890
chr17	43225243	39887,39889,39890
chr17	43225855	39887,39888,39889,39890,39891
chr17	43449254	-1
chr17	43449283	-1
chr17	43449954	-1
chr17	44270170	40029,40031
chr1	113218026	5091
chr17	44270770	40029,40030,40031
chr17	44270776	40029,40030,40031
chr17	44271246	40029,40030
chr17	44848192	40067
chr17	44848658	40067
chr17	45020150	-1
chr17	45021026	-1
chr17	45021031	-1
chr17	47049876	-1
chr17	47269462	-1
chr1	6784341	573
chr1	113218034	5091
chr17	47269869	-1
chr17	47270313	-1
chr17	47270352	-1
chr17	47840801	-1
chr17	47841602	40377
chr17	47841609	40377
chr17	48172638	40424
chr17	48556141	40508,40509
chr17	48556194	40508,40509
chr17	48556956	40509
chr1	113249313	5101
chr17	48943013	40577,40578,40580,40581
chr17	48943722	40579,40580,40581
chr17	48943736	40579,40580,40581
chr17	49198414	40606,40607
chr17	49198432	40606,40607
chr17	49199316	40606,40607
chr17	49243738	40615,40616,40618
chr17	54990743	-1
chr17	54991496	40710
chr17	54991502	40710
chr1	113249680	5101,5102
chr17	56160521	40792,40793
chr17	56160646	40792,40793
chr17	56161513	40792
chr17	57696688	40917
chr17	57697208	40915,40916,40917
chr17	57697215	40915,40916,40917
chr17	58602862	41005
chr17	58603568	41004,41005
chr17	58603577	41004,41005
chr17	58677624	41008
chr1	113250130	5102
chr17	58677635	41008
chr17	58678504	-1
chr17	58678562	-1
chr17	60142476	41068
chr17	60143356	41068,41069
chr17	60143379	41068,41069
chr17	61699554	41172
chr17	61699556	41172
chr17	61700532	-1
chr17	62502359	41300,41301,41302
chr1	113250135	5102
chr17	62502848	41301,41302
chr17	62502859	41301,41302
chr17	65989535	41477,41478
chr17	65989555	41477,41478
chr17	65990144	41477,41478
chr17	66374475	-1
chr17	66375066	-1
chr17	66375085	-1
chr17	70627962	-1
chr17	70628573	-1
chr1	115052982	-1
chr17	70628592	-1
chr17	71228240	41649,41650,41651
chr17	72450076	-1
chr17	73149937	41811
chr17	73150717	41812
chr17	73150756	41812
chr17	73266676	41838,41839,41841
chr17	73267056	41839,41841,41842
chr17	73267417	41839,41840,41841,41842
chr17	73267861	41839,41840,41842
chr1	115053931	5206
chr17	73452614	41858,41859
chr17	73452633	41858,41859
chr17	73453512	-1
chr17	73511630	41881,41882,41883
chr17	73511650	41881,41882,41883
chr17	73512498	41881,41883
chr17	74261042	42053,42054
chr17	74261073	42053,42054
chr17	74261987	42054
chr17	74722049	42136,42137,42139
chr1	115053947	5206
chr17	74722074	42136,42137,42139
chr17	74722776	42136,42138,42139
chr17	74722784	42136,42138,42139
chr17	75277244	42192
chr17	75277575	42192
chr17	75277972	-1
chr17	75278810	-1
chr17	75369155	42202
chr17	75369222	42202
chr17	75369966	-1
chr1	115300177	5238
chr17	76237724	-1
chr17	76237737	-1
chr17	76238284	-1
chr17	76778001	-1
chr17	76778016	-1
chr17	76778676	42352
chr17	76879242	-1
chr17	76879503	-1
chr17	76880065	-1
chr17	77720699	-1
chr1	115300630	5238,5239
chr17	77751078	42435,42437
chr17	77751625	42435,42437
chr17	77751644	42435,42437
chr17	77900651	42454
chr17	78518599	42564,42565,42566
chr17	78518620	42564,42565,42566
chr17	78519386	42566,42567
chr17	79367979	42667,42668,42669
chr17	79367988	42667,42668,42669
chr17	79368694	42667,42668,42669
chr1	6784422	573
chr1	115300638	5238,5239
chr17	79632873	42714,42716,42717
chr17	79633204	42714,42716,42717
chr17	79633676	42715,42716,42717
chr17	79633718	42715,42716,42717
chr17	79650782	42720,42721,42722
chr17	79650808	42720,42721,42722
chr17	79651665	42721
chr17	79678104	42730
chr17	79678932	42730,42731
chr17	79678946	42730,42731
chr1	119869761	-1
chr17	79679965	42731
chr17	79680264	42731
chr17	79680923	-1
chr17	79894657	42787,42788
chr17	79895089	42788,42789
chr17	79895334	42788,42789
chr17	79935433	42799,42800,42801
chr17	79952586	42805,42806
chr17	79953092	42804,42805,42806,42807
chr17	79953207	42804,42805,42806,42807
chr1	119870446	5342
chr17	79953698	42804,42806,42807
chr17	79977166	-1
chr17	80009766	42830,42831,42834,42835,42836,42837,42838
chr17	80022757	42842,42843
chr17	80023387	42843
chr17	80023400	42843
chr17	80035150	-1
chr17	80055327	42864,42866,42867
chr17	80056046	42864,42865,42866,42867
chr17	80056101	42864,42865,42866,42867
chr1	119870453	5342
chr17	80060019	-1
chr17	80060028	-1
chr17	80060910	-1
chr17	80174980	-1
chr17	80175668	-1
chr17	80175692	-1
chr17	80200287	-1
chr17	80201204	-1
chr17	80201222	-1
chr17	80201888	42889
chr1	120254402	5349
chr18	3261593	43124,43125
chr18	3262247	43124,43125
chr18	3262255	43124,43125
chr18	3262740	43125
chr18	5237153	43149,43151,43153
chr18	5237796	43148,43149,43151,43153
chr18	5237840	43148,43149,43151,43153
chr18	5297062	43160,43162
chr18	5297695	43162
chr18	12767314	-1
chr1	120255402	5350
chr18	30351347	43613
chr18	30351987	43613
chr18	30352248	43613
chr18	33767255	43725,43726
chr18	46475059	43836,43837
chr18	46475670	43837
chr18	71958359	44154,44156
chr18	71959316	44154,44155,44156
chr18	71959337	44154,44155,44156
chr19	507507	44322
chr1	145040146	5398,5399,5400
chr19	507892	44323
chr19	507946	44323
chr19	572590	44331,44332
chr19	573472	44331,44333
chr19	573474	44331,44333
chr19	797224	44392,44393
chr19	797228	44392,44393
chr19	797790	44393,44394
chr19	952827	-1
chr19	952855	-1
chr1	145437677	5414,5415
chr19	953357	-1
chr19	1259401	44519,44520
chr19	1259494	44519,44520
chr19	1260256	44519,44520,44521
chr19	1260873	44519,44520,44521
chr19	1275478	44530,44532
chr19	1275771	44531,44532
chr19	1276032	44531,44532
chr19	1400681	44559
chr19	1401622	44560
chr1	145438371	5414,5415,5416
chr19	1401632	44560
chr19	1445524	44577
chr19	1446069	44577
chr19	1446089	44577
chr19	1652858	44632
chr19	1652881	44632
chr19	1653081	44632
chr19	2163725	44724
chr19	2163746	44724
chr19	2164133	-1
chr1	145438439	5414,5415,5416
chr19	2236343	44736,44738
chr19	2328606	44760,44761
chr19	2328660	44760,44761
chr19	2329180	44760
chr19	3976470	44952,44953,44955
chr19	5903782	45204,45205
chr19	5903787	45204,45205
chr19	5904677	45204,45205
chr19	6372599	45246,45247
chr19	6372650	45247
chr1	6784821	573
chr1	147072125	5502
chr19	6373550	-1
chr19	6393205	45253,45254
chr19	6393229	45253,45254
chr19	6393901	45253,45254
chr19	6424998	45263
chr19	6425010	45263
chr19	6425237	45263
chr19	6425436	45263
chr19	7587351	45356
chr19	7587357	45356
chr1	147072141	5502
chr19	7587849	-1
chr19	7985322	45441,45442,45443,45444
chr19	7985326	45441,45442,45443,45444
chr19	7985865	45441,45443,45444
chr19	9902448	-1
chr19	9902450	-1
chr19	9902933	-1
chr19	10362865	45646
chr19	10362867	45646
chr19	10363356	-1
chr1	147072652	-1
chr19	10981577	45791
chr19	10982047	45790,45791
chr19	10982049	45790,45791
chr19	11200154	45826,45827
chr19	11200162	45826,45827
chr19	11200936	45827
chr19	11253376	-1
chr19	11639663	-1
chr19	11639691	-1
chr19	11639891	45920
chr1	150522321	5610
chr19	11804865	-1
chr19	11804881	-1
chr19	11805719	45937
chr19	11805738	45937
chr19	12251328	45969
chr19	12405749	45979
chr19	12405777	45979
chr19	12406342	45979
chr19	12903538	46044
chr19	12904510	46044
chr1	150523176	5611
chr19	12904515	46044
chr19	13049065	46080,46081
chr19	13049085	46080,46081
chr19	13049294	46080,46081
chr19	13056580	46084
chr19	13057095	46085
chr19	13057115	46085
chr19	13264659	-1
chr19	13961299	-1
chr19	13961818	-1
chr1	150544970	-1
chr19	13961853	-1
chr19	14606519	-1
chr19	14607075	46224
chr19	14607111	46224
chr19	16770961	46436,46437,46438
chr19	16771042	46436,46437,46438
chr19	16771467	46436,46437,46438
chr19	16772075	46436,46437,46438
chr19	17580884	46517
chr19	17581493	46517
chr1	150943864	-1
chr19	17581511	-1
chr19	18496995	46653
chr19	18497017	46653
chr19	18497410	-1
chr19	19029916	46765,46767
chr19	19029943	46765,46767
chr19	19030400	46766,46767
chr19	23577508	-1
chr19	23577519	-1
chr19	23578214	46960
chr1	150943882	-1
chr19	23578251	46960
chr19	33555564	-1
chr19	33556047	47059
chr19	33556051	47059
chr19	34311112	-1
chr19	34311481	-1
chr19	34311487	-1
chr19	34919267	47150,47151
chr19	34919274	47150,47151
chr19	34919767	47151,47152
chr1	150944587	-1
chr19	34972580	47165
chr19	35454410	-1
chr19	35455084	47197
chr19	35455090	47197
chr19	35758708	47253,47255
chr19	36235920	47322,47324
chr19	36236517	47322,47323,47324
chr19	36236535	47322,47323,47324
chr19	36248941	47331,47332
chr19	36249446	47331
chr1	151138452	5701,5702,5703
chr19	36249450	47331
chr19	38826379	47535,47536,47537
chr19	38826406	47535,47536,47537
chr19	38826801	47536,47537
chr19	38827361	47537
chr19	39191603	47569
chr19	39191623	47569
chr19	39192266	-1
chr19	39340206	-1
chr19	39340687	47604
chr1	8071328	-1
chr1	151138459	5701,5702,5703
chr19	39340707	47604
chr19	39903051	47669,47670
chr19	39903072	47669,47670
chr19	39903252	47669,47670
chr19	40029930	47705
chr19	40029932	47705
chr19	40030855	47705,47706
chr19	40030875	47705,47706
chr19	40949264	47777
chr19	40949296	47777
chr1	151139119	5701,5702
chr19	40950212	47777,47778,47779
chr19	41256567	47832,47833,47834,47835
chr19	41257109	47832,47833,47835
chr19	41257125	47832,47833,47835
chr19	41770217	47869
chr19	41770242	47869
chr19	41770900	-1
chr19	41831825	-1
chr19	42363783	47945,47946,47947
chr19	42364276	47946,47947
chr1	151139132	5701,5702
chr19	42364286	47946,47947
chr19	42757632	-1
chr19	42758276	48021
chr19	42758281	48021
chr19	42772554	48024,48025
chr19	42772562	48024,48025
chr19	42773090	48025
chr19	42773294	48025
chr19	44488286	48127
chr19	44488727	-1
chr1	151763147	5791,5792
chr19	44488729	-1
chr19	45348121	48207
chr19	45349037	48207,48209
chr19	45349056	48207,48209
chr19	45407281	48219
chr19	45407312	48219
chr19	45408034	48219,48220
chr19	45408942	48219,48220
chr19	45681969	48267,48268,48269,48271,48272
chr19	45682058	48267,48268,48269,48271,48272
chr1	151763964	5791
chr19	45682734	48267,48269,48270,48271,48272
chr19	46366527	48394,48395,48396,48398
chr19	46367502	48395,48396,48397,48398
chr19	47353660	48514
chr19	47354343	48514,48515
chr19	47354347	48514,48515
chr19	47551381	-1
chr19	47551931	48537
chr19	47551949	48537
chr19	47615644	48542,48543
chr1	151763978	5791
chr19	47616352	48542
chr19	47776967	48560,48561,48562,48563
chr19	47777640	48561,48562,48563
chr19	47777652	48561,48562,48563
chr19	49375547	48782,48783
chr19	49375566	48782,48783
chr19	49376343	48783,48784
chr19	49376349	48783,48784
chr19	49467162	48802,48803
chr19	49467169	48802,48803
chr1	153600126	5838,5839,5841
chr19	49468119	48802,48803,48804
chr19	49468500	48802,48803,48804
chr19	50180393	48963
chr19	50180413	48963
chr19	50180890	-1
chr19	50181343	48964
chr19	50432397	49034,49036,49037,49039
chr19	50432418	49034,49036,49037,49039
chr19	50433088	49034,49036,49038,49039
chr19	51295740	-1
chr1	153935876	5922,5923
chr19	51296224	-1
chr19	51845281	49159
chr19	51845667	-1
chr19	51846268	-1
chr19	54380121	-1
chr19	54641272	49365
chr19	54641282	49365
chr19	54641775	-1
chr19	54960517	49406,49407
chr19	55972269	-1
chr1	153935911	5922,5923
chr19	55973241	49542
chr19	55973260	49542
chr19	56110956	49568,49569,49570
chr19	56111738	49569,49570,49572
chr19	56111754	49569,49570,49572
chr19	57349544	-1
chr19	57350297	-1
chr19	58694595	49809,49810
chr19	58694713	49809,49810
chr19	58695178	49810
chr1	153936638	5922,5923
chr19	58898074	49838,49839
chr19	58898093	49838,49839
chr19	58898642	49839
chr2	3381518	49994,49995
chr2	3381535	49994,49995
chr2	3382387	49994,49995
chr2	8714251	-1
chr2	8714833	-1
chr2	8714871	-1
chr2	9562755	50136,50138
chr1	8299953	-1
chr1	154580044	6027,6028
chr2	9563722	50137,50138
chr2	9563724	50137,50138
chr2	10091225	50169
chr2	10091228	50169
chr2	10092180	50168
chr2	10588898	50213,50214,50215,50216
chr2	10588924	50213,50214,50215,50216
chr2	10589442	50213,50214,50216
chr2	11605823	-1
chr2	11606371	50280
chr1	154580766	6027,6028,6029
chr2	11606382	50280
chr2	11638953	-1
chr2	11639415	-1
chr2	11639497	-1
chr2	11886534	50302,50303
chr2	11887021	50302
chr2	11887030	50302
chr2	12856793	50315,50316,50317
chr2	12856831	50316,50317
chr2	12857557	50317
chr1	154580771	6027,6028,6029
chr2	17719344	50384,50385
chr2	17720312	50384,50385,50387
chr2	17720338	50384,50385,50387
chr2	17720949	50385,50387
chr2	20101470	50440
chr2	20101482	50440
chr2	20101720	50440
chr2	20550178	50485
chr2	20550184	50485
chr2	20550723	50485,50486
chr1	154581225	6029,6030
chr2	20647618	50491,50493
chr2	20648508	50491,50493
chr2	20649409	50494
chr2	20649681	50494
chr2	20649880	50494
chr2	20650026	50494
chr2	20650642	50494
chr2	20792530	50497
chr2	20793442	50496,50497
chr2	20793458	50496,50497
chr1	154934346	6051,6052,6053
chr2	20794201	50496
chr2	21242275	50536
chr2	21265992	50548
chr2	21266045	50548
chr2	21266954	50548,50549
chr2	24163236	50588
chr2	24245189	-1
chr2	25265169	50679,50680
chr2	26568743	50783,50784
chr2	26568761	50783,50784
chr1	154935033	6051,6053
chr2	26569639	50783,50785
chr2	27316797	50858,50859
chr2	27434500	50876,50878,50879,50881
chr2	27435197	50876,50877,50879,50881
chr2	27435216	50876,50877,50879,50881
chr2	27975662	50997
chr2	27975668	50997
chr2	27976218	-1
chr2	28618522	51021,51022
chr2	30369540	51087,51088,51089
chr1	154935048	6051,6053
chr2	30369559	51087,51088,51089
chr2	30370505	51088,51089
chr2	36582828	51245,51246,51247
chr2	36582854	51245,51246,51247
chr2	36583547	51245,51246
chr2	36584327	51246
chr2	38152165	51359
chr2	38152183	51359
chr2	38152413	51359
chr2	38604410	51378,51379
chr1	154975482	-1
chr2	39347579	51432
chr2	39348197	51432,51433
chr2	39348216	51432,51433
chr2	42721292	51531,51532,51533,51534
chr2	42796080	51537
chr2	42796097	51537
chr2	42796521	51537
chr2	43421257	-1
chr2	43446878	51566,51567
chr2	44395242	51632
chr1	155196895	-1
chr2	44395560	51632
chr2	44395576	51632
chr2	45878236	51691,51692
chr2	47167899	51786,51787
chr2	47167934	51786,51787
chr2	47168727	51788
chr2	47260818	-1
chr2	47261478	-1
chr2	47261496	-1
chr2	47403690	51809,51810,51811
chr1	155196912	-1
chr2	47403702	51809,51810,51811
chr2	47403903	51809,51810,51811
chr2	54014085	51919,51920
chr2	54014104	51919,51920
chr2	54014962	51919
chr2	55459691	52040,52041,52042
chr2	55459714	52040,52041,52042
chr2	55460220	52040,52041
chr2	58273770	52125
chr2	58274361	52126,52127
chr1	1309843	158,159
chr1	9598282	702
chr1	155197358	6138
chr2	58274367	52126,52127
chr2	61244912	52169,52170,52171,52173
chr2	61245422	52169,52170,52172,52173
chr2	61245433	52169,52170,52172,52173
chr2	62797571	-1
chr2	64751360	52389,52390
chr2	64751419	52389,52390
chr2	64751858	52389
chr2	66661477	52477
chr2	69871014	52587,52588,52589
chr1	156357499	6366
chr2	69871033	52587,52588,52589
chr2	69871726	52587,52588
chr2	70780562	-1
chr2	70781353	52672
chr2	70781419	52672
chr2	73143835	52788,52789
chr2	73144547	52788,52789
chr2	73145132	52789
chr2	73440774	52817
chr2	73441308	52817
chr1	156358484	6367
chr2	73441328	52817
chr2	74374960	52910,52911,52912
chr2	74375571	52910,52912
chr2	74375590	52910,52912
chr2	74667184	52969,52971
chr2	74667206	52969,52971
chr2	74667962	52969,52970,52971
chr2	74684817	52975,52976
chr2	74685380	52975,52976
chr2	74685431	52975,52976
chr1	156358487	6367
chr2	74685979	52975
chr2	74728634	52990,52991,52992,52995
chr2	74729525	52992,52995,52996
chr2	74729634	52992,52995,52996
chr2	75061194	53031,53033,53034
chr2	85647972	53200
chr2	85647991	53200
chr2	85648625	53200
chr2	85764938	53205
chr2	85765875	53204,53205
chr1	156360232	6367
chr2	85765894	53204,53205
chr2	85766315	53204,53205
chr2	88927159	53401,53402,53403
chr2	88927181	53401,53402,53403
chr2	88928127	53401
chr2	91805819	-1
chr2	96056511	-1
chr2	96987042	-1
chr2	96987067	-1
chr2	96987568	53560
chr1	156360589	-1
chr2	97303202	53589
chr2	97304081	53589,53590,53591
chr2	97304133	53589,53590,53591
chr2	97523865	53618
chr2	97523876	53618
chr2	97524777	53618
chr2	101436642	53824,53825
chr2	101437442	53824,53826
chr2	101437566	53824,53826
chr2	101499384	-1
chr1	156361096	-1
chr2	102681367	-1
chr2	102681882	-1
chr2	106810551	-1
chr2	111877916	54118
chr2	111878428	54118,54120
chr2	111878660	54118,54120
chr2	113483676	54224
chr2	113484268	-1
chr2	113484380	-1
chr2	113522219	54226
chr1	156470167	-1
chr2	113522247	54226
chr2	113522976	54226
chr2	113977129	54271
chr2	114647419	54308,54309
chr2	114647445	54308,54309
chr2	114648326	54308
chr2	120770558	54411
chr2	120770582	54411
chr2	120771164	-1
chr2	128784965	54644
chr1	156470801	6393
chr2	128785063	54644
chr2	128785713	54644,54645
chr2	129079521	54671
chr2	129079527	54671
chr2	129079949	54671,54672
chr2	129080783	54672
chr2	131112852	54708
chr2	131113427	54707,54708
chr2	131113796	54707,54708
chr2	131863287	54739
chr1	156470807	6393
chr2	138755526	-1
chr2	139259089	54932,54933
chr2	139259161	54932,54933
chr2	139259673	54932,54934
chr2	152266379	55096,55098
chr2	152266394	55096,55098
chr2	152267158	55097
chr2	153574001	55205,55206,55207,55208,55209,55210
chr2	153574014	55205,55206,55207,55208,55209,55210
chr2	153574934	55206,55208,55209,55210
chr1	9599258	702
chr1	156721158	-1
chr2	159313241	55280,55281,55283
chr2	159313281	55280,55281,55283
chr2	159313932	55280,55282,55283,55285
chr2	159314679	55280,55282,55284,55285
chr2	159314692	55280,55282,55284,55285
chr2	159824217	55312
chr2	159825062	55312
chr2	159825082	55312
chr2	162929810	55441,55442,55444
chr2	162930659	55441,55443,55444
chr1	156721651	6440
chr2	162930691	55441,55443,55444
chr2	170440864	55658
chr2	170440903	55658
chr2	170441610	-1
chr2	171570355	55719,55722
chr2	171570366	55719,55722
chr2	171571088	55721,55722
chr2	172016577	55763,55764,55766
chr2	172017427	55765,55766
chr2	172017446	55765,55766
chr1	156721671	6440
chr2	172949497	55824,55825,55826
chr2	172950404	55826
chr2	172950411	55826
chr2	172951372	-1
chr2	173292367	55835
chr2	173292730	55836
chr2	173293358	55836
chr2	176045904	55978,55980
chr2	176046426	55978,55979,55980
chr2	176046450	55978,55979,55980
chr1	160163085	6556
chr2	179293389	-1
chr2	190445091	56458
chr2	190445734	56458,56459
chr2	190445748	56458,56459
chr2	190446233	56458,56459
chr2	191745517	56539
chr2	191745523	56539
chr2	191746508	-1
chr2	192542833	56606,56607,56608
chr2	192542848	56606,56607,56608
chr1	160163101	6556
chr2	192543530	56606,56608
chr2	192543546	56606,56608
chr2	197457712	56654
chr2	197457742	56654
chr2	197458276	56654,56655
chr2	198380695	56721
chr2	198380730	56721
chr2	198381341	-1
chr2	201676569	56822,56823,56825,56826,56827
chr2	201676587	56822,56823,56825,56826,56827
chr1	160163761	6556
chr2	201677221	56822,56824,56825,56826,56827
chr2	203499533	56999,57002
chr2	203499592	56999,57000,57002
chr2	203500454	57000,57001
chr2	208029858	57180
chr2	208030733	57179,57180
chr2	208634040	57212,57213
chr2	208634536	57213,57214
chr2	208634615	57213,57214
chr2	218766716	57531
chr1	161171218	6689,6690
chr2	218767564	57531
chr2	218767656	57531
chr2	218767763	57531
chr2	218768497	57531,57532
chr2	219187820	57599
chr2	219263572	57613,57615
chr2	219263706	57615
chr2	219264533	57614,57615,57616,57617
chr2	219264549	57614,57615,57616,57617
chr2	219265400	57614,57616,57617,57618
chr1	161187771	-1
chr2	219265464	57614,57616,57617,57618
chr2	219265878	57614,57616,57617,57618
chr2	219270486	57623
chr2	219271352	-1
chr2	219271387	-1
chr2	219433481	57636,57637
chr2	219433905	57636
chr2	219433916	57636
chr2	219575515	57661
chr2	219575518	57661
chr1	161188540	-1
chr2	219576001	-1
chr2	220042711	57709,57710,57711,57712,57713
chr2	220440802	-1
chr2	220441721	-1
chr2	220441740	-1
chr2	223836587	-1
chr2	223836634	-1
chr2	223837375	-1
chr2	224809281	57949
chr2	224810031	57950,57951
chr1	161188563	-1
chr2	224810033	57950,57951
chr2	227664616	58012,58013,58014
chr2	227665339	58013,58014,58015
chr2	227665386	58013,58014,58015
chr2	228682955	-1
chr2	228683616	-1
chr2	228683639	-1
chr2	230786824	58127,58128
chr2	230786875	58127,58128
chr2	230787400	58127
chr1	9599263	702
chr1	161189059	-1
chr2	231275896	58150
chr2	231276292	58150
chr2	231276785	-1
chr2	231276787	-1
chr2	232476994	-1
chr2	232477503	-1
chr2	232477512	-1
chr2	232646035	58274,58275
chr2	232646069	58274,58275
chr2	232646273	58274,58275
chr1	161193370	6693,6694,6695
chr2	233736325	-1
chr2	236450916	58451
chr2	236450935	58451
chr2	236451539	58451,58452
chr2	236451544	58451,58452
chr2	238875604	58575,58576
chr2	238875613	58575,58576
chr2	238876270	58576
chr2	239359417	58630
chr2	241190101	-1
chr1	161194252	6694,6695,6696,6697,6698
chr2	241190715	-1
chr2	241190753	-1
chr2	241505304	-1
chr2	241505780	-1
chr2	241506095	58715
chr2	241525784	58722,58723,58725
chr2	241525811	58722,58723,58725
chr2	241526573	58722,58724
chr2	242088879	58809,58810,58813
chr2	242088900	58809,58810,58813
chr1	161194269	6694,6695,6696,6697,6698
chr2	242089757	58809,58811,58812,58813
chr2	242089798	58809,58811,58812,58813
chr2	242447487	58895
chr2	242448249	58894,58895
chr2	242448251	58894,58895
chr2	242492062	-1
chr2	242492345	58896
chr2	242493058	58896
chr2	242493077	58896
chr2	242625772	58921
chr1	161696282	6724
chr2	242626672	58920,58922
chr2	242626685	58920,58922
chr2	242673790	58932,58933
chr2	242674226	58932,58933
chr2	242674304	58933
chr2	242710062	58945,58946
chr2	242710078	58945,58946
chr2	242710801	58946
chr20	246608	58977
chr20	247522	58977
chr1	161697000	-1
chr20	247557	58977
chr20	305242	58988,58990,58991
chr20	305251	58988,58990,58991
chr20	306021	58988,58989,58990,58991
chr20	306038	58988,58989,58990,58991
chr20	307847	58989,58992
chr20	307885	58989,58992
chr20	308666	58992
chr20	327659	58993,58995,58996,58998
chr20	328541	58995,58997,58998,59000,59001
chr1	161697013	-1
chr20	328567	58995,58997,58998,59000,59001
chr20	343282	-1
chr20	343289	-1
chr20	344047	-1
chr20	351750	-1
chr20	351811	-1
chr20	352620	-1
chr20	352628	-1
chr20	353532	-1
chr20	369578	-1
chr1	162039970	6744
chr20	370126	-1
chr20	370380	-1
chr20	376968	59006,59007
chr20	377661	59007
chr20	377681	59007
chr20	378568	-1
chr20	382803	-1
chr20	382815	-1
chr20	383662	-1
chr20	411712	-1
chr1	162040277	6744
chr20	412242	-1
chr20	412291	-1
chr20	633088	59040
chr20	633522	59040
chr20	633980	59039,59040
chr20	633983	59039,59040
chr20	1099176	59056,59057
chr20	1099179	59056,59057
chr20	1099857	59056
chr20	1446886	-1
chr1	162040850	6744
chr20	1447516	59089
chr20	1447598	59089
chr20	2082549	59124,59126
chr20	2083279	59125,59126
chr20	2083314	59125,59126,59127
chr20	2632483	59164,59166
chr20	2633319	59163,59164,59166,59167
chr20	2633343	59163,59164,59166,59167
chr20	2638471	59172
chr20	2644130	59175
chr1	9600057	-1
chr1	167905798	6871,6873
chr20	2644843	59175,59176
chr20	2644871	59175,59176
chr20	3149161	59248
chr20	3767000	59325,59327
chr20	3767449	59325,59326,59327
chr20	3767465	59325,59326,59327
chr20	3800900	59344
chr20	3801305	59344
chr20	3801442	-1
chr20	4667811	-1
chr1	167905807	6871,6873
chr20	7999835	59543
chr20	8000380	59542,59543
chr20	8000423	59542,59543
chr20	8112701	59545,59546
chr20	8112718	59545,59546
chr20	8113660	59545
chr20	10414866	59639,59641
chr20	10415771	59639,59640,59641
chr20	10415791	59639,59640,59641
chr20	10652149	59652,59653
chr1	167906628	6871,6874,6875
chr20	10652845	59652,59653
chr20	13765592	59703,59704,59705
chr20	13765595	59703,59704,59705
chr20	13766139	59704,59706
chr20	16710595	59744
chr20	16710629	59744
chr20	16711300	59745
chr20	17549904	59761,59762,59763
chr20	17549916	59761,59762,59763
chr20	17550546	59763
chr1	173446144	7021,7022
chr20	17655830	-1
chr20	17656780	-1
chr20	17661348	59779,59781
chr20	17839154	-1
chr20	17839897	-1
chr20	17839914	-1
chr20	17843993	-1
chr20	17844567	-1
chr20	17844586	-1
chr20	17856113	-1
chr1	173446525	7021,7022
chr20	17856133	-1
chr20	17856899	-1
chr20	19997959	59883,59884
chr20	19997965	59883,59884
chr20	19998176	59883,59884
chr20	20693036	-1
chr20	20693573	59920
chr20	20693596	59920
chr20	20694025	59920
chr20	21106607	59921
chr1	173446917	7021
chr20	21106670	59921
chr20	21107290	-1
chr20	22384516	-1
chr20	22411043	-1
chr20	22560001	59968
chr20	22560440	59968
chr20	22564281	-1
chr20	22565021	59969
chr20	22565041	59969
chr20	23567053	-1
chr1	173885521	-1
chr20	23567525	-1
chr20	23567577	-1
chr20	25176211	60087,60088
chr20	25176236	60087,60088
chr20	25176827	60088
chr20	25228833	60106
chr20	25604190	60136
chr20	25604749	60135,60136
chr20	25604761	60135,60136
chr20	26189104	60158
chr1	173886499	7054
chr20	26190051	60158,60159
chr20	26190096	60158,60159
chr20	29518774	-1
chr20	29652364	-1
chr20	29653277	-1
chr20	29653349	-1
chr20	29814521	-1
chr20	30310737	60201,60202
chr20	30310743	60201,60202
chr20	30311448	60201,60202,60203
chr1	173886503	7054
chr20	30311461	60201,60202,60203
chr20	30945877	60280,60281,60283
chr20	30946703	60280,60282,60283
chr20	30946841	60280,60282,60283
chr20	31129335	-1
chr20	31129363	-1
chr20	31129948	-1
chr20	31597403	60333
chr20	32273609	60394
chr20	32274283	60395
chr1	185286270	7412,7413
chr20	32274293	60395
chr20	32398917	60406
chr20	32398933	60406
chr20	32399863	60407
chr20	33412640	60507
chr20	33413468	60507,60508
chr20	33413485	60507,60508
chr20	33542877	-1
chr20	33543488	60527,60528
chr20	33543533	60527,60528
chr1	10003186	749,750,752
chr1	200707806	7533,7534
chr20	34251912	-1
chr20	34251932	-1
chr20	34252785	60619
chr20	34252812	60619
chr20	34329605	60639
chr20	34330272	60640
chr20	34330350	60640
chr20	34359784	60642
chr20	34360236	-1
chr20	34360243	-1
chr1	200708488	7534
chr20	34770795	-1
chr20	34771352	60681
chr20	34771359	60681
chr20	35240480	60717
chr20	35241207	-1
chr20	35806833	60769,60770
chr20	35807414	60770
chr20	35807431	60770
chr20	35808015	60771
chr20	35899216	-1
chr1	200708505	7534
chr20	36156345	60820,60821,60822
chr20	36662107	60850,60851
chr20	36662138	60850,60851
chr20	36662847	60850
chr20	37359720	60923
chr20	37360225	-1
chr20	37360242	-1
chr20	37376992	60924,60925
chr20	39657393	60959
chr20	39657487	60959
chr1	202776785	7730,7731,7733
chr20	39658329	60960
chr20	39765657	60974,60975,60976,60977,60979
chr20	39946529	61003,61005
chr20	40246433	-1
chr20	40247103	61027,61028
chr20	40247122	61027,61028
chr20	40247878	61027,61028
chr20	42077259	-1
chr20	42077286	-1
chr20	42077810	-1
chr1	202777602	7730,7732,7734
chr20	42092994	-1
chr20	42185334	-1
chr20	42839486	61091,61092
chr20	43030529	-1
chr20	43030962	-1
chr20	43539410	-1
chr20	43594950	61192,61193
chr20	43966343	61223
chr20	43969758	-1
chr20	43970429	-1
chr1	202777613	7730,7732,7734
chr20	43971084	-1
chr20	43971096	-1
chr20	43971863	61224
chr20	43987635	-1
chr20	44518950	61288,61290,61291
chr20	44519831	61289,61290,61291,61292,61293
chr20	44519845	61289,61290,61291,61292,61293
chr20	44540196	61301,61302,61303,61305
chr20	44717888	-1
chr20	44718571	61353,61354
chr1	202927426	7759
chr20	44718587	61353,61354
chr20	45279973	61412
chr20	45337839	61420
chr20	45986884	61466,61467,61468
chr20	45987797	61468,61469
chr20	45988617	61469
chr20	45989439	61469
chr20	45989446	61469
chr20	46292662	-1
chr20	47895191	61591,61593,61594,61595
chr1	202927443	7759
chr20	47895203	61591,61593,61594,61595
chr20	47895719	61591,61593,61595
chr20	47905117	61598
chr20	47906092	-1
chr20	48532091	61637
chr20	48532552	61637
chr20	48532555	61637
chr20	48533155	61637
chr20	48770131	61664
chr20	48770218	61664
chr1	202928002	7759
chr20	48771015	61664
chr20	48802959	61667
chr20	48802976	61667
chr20	48803788	61667
chr20	48925570	-1
chr20	48925606	-1
chr20	48926094	-1
chr20	48937330	-1
chr20	48937340	-1
chr20	48937997	61676
chr1	202928021	7759
chr20	49040006	-1
chr20	49040069	-1
chr20	49040531	-1
chr20	49575046	61711,61712
chr20	49575162	61711,61712
chr20	49575958	61711
chr20	50383733	-1
chr20	50384128	-1
chr20	50384141	-1
chr20	52720127	-1
chr1	10003205	749,750,752
chr1	204043684	-1
chr20	52720799	-1
chr20	52720806	-1
chr20	52824452	61786
chr20	52824498	61786
chr20	52825188	-1
chr20	56134485	61854,61855
chr20	56134996	61854,61855
chr20	56161519	-1
chr20	60641682	62065,62067
chr20	60697262	62069,62071
chr1	204120978	7857,7858,7859
chr20	60697266	62069,62071
chr20	60698043	62070,62071
chr20	60718857	62080,62081
chr20	60812480	62098
chr20	60813376	62098
chr20	60813389	62098
chr20	60877026	62108,62109,62110
chr20	60877900	62109,62110,62111,62112
chr20	60877906	62109,62110,62111,62112
chr20	61446672	62180,62181
chr1	204121403	7858,7859
chr20	61506283	-1
chr20	61507017	-1
chr20	61507025	-1
chr20	61531787	62203
chr20	61531796	62203
chr20	61532224	62203
chr20	61585013	62221
chr20	61602903	-1
chr20	61603815	-1
chr20	61603829	-1
chr1	204121408	7858,7859
chr20	61903549	62266
chr20	61904124	62265,62266
chr20	61904144	62265,62266
chr20	61923312	62278
chr20	61923940	62278
chr20	61924291	62278
chr20	62258221	62349,62350
chr20	62326942	62378
chr20	62327701	62378
chr20	62327711	62378
chr1	204182690	-1
chr20	62329431	-1
chr20	62330317	-1
chr20	62338685	62381,62382,62383,62385,62386
chr20	62339299	62381,62382,62384,62385,62386
chr20	62339305	62381,62382,62384,62385,62386
chr20	62369533	62390,62392
chr20	62496408	62417,62418,62419
chr20	62496410	62417,62418,62419
chr20	62497266	62417,62418,62420
chr20	62587371	-1
chr1	204183317	7864
chr20	62587882	62448
chr20	62587934	62448,62449
chr20	62588643	62448,62449
chr20	62600672	62454,62455
chr20	62601320	62456
chr20	62601334	62456
chr20	62601711	62456
chr20	62609374	-1
chr20	62609433	-1
chr20	62610349	-1
chr1	204183331	7864
chr20	62672217	62470,62471
chr20	62672538	62471
chr20	62688146	62477,62478,62479
chr20	62688804	62479
chr20	62689246	-1
chr20	62689264	-1
chr20	62694401	62482
chr20	62694403	62482
chr20	62695192	62483
chr20	62869740	62506
chr1	205419226	7977
chr20	62869815	62506
chr20	62870381	62506,62507
chr20	62870459	62506,62507
chr21	9831002	-1
chr21	11110105	-1
chr21	11110489	-1
chr21	18885284	62561
chr21	18885378	62561
chr21	18885800	-1
chr21	27107341	62582,62583
chr1	205419228	7977
chr21	27108289	62582,62584
chr21	27108304	62582,62584
chr21	30364538	-1
chr21	30365285	62610
chr21	30365308	62610
chr21	34143684	62711,62712,62714
chr21	34144311	62712,62713,62714
chr21	34144323	62712,62713,62714
chr21	38639234	-1
chr21	38640059	62965
chr1	205419655	7977
chr21	38640193	62965
chr21	40720538	63054,63055,63056,63057
chr21	40721246	63056,63057,63058
chr21	40721249	63056,63057,63058
chr21	44835025	63250
chr21	44835471	63250,63251
chr21	44835748	63250,63251
chr21	44922437	-1
chr21	44922453	-1
chr21	44923182	-1
chr1	10003417	749,750,751,752
chr1	205420056	7977
chr21	45432096	63324,63325
chr21	45432151	63324,63325
chr21	45432674	63324,63326
chr21	46292729	63435,63437
chr21	46331737	63449,63450,63451
chr21	46332156	63449,63450,63451,63452
chr21	46332539	63450,63451,63452,63453
chr21	46843508	-1
chr21	46843534	-1
chr21	46844071	-1
chr1	211432435	8193
chr21	46926863	63513
chr21	46974958	63528
chr21	46975884	-1
chr21	46975940	-1
chr21	47574050	-1
chr22	19159850	-1
chr22	19165879	63739
chr22	19166468	63740
chr22	19166482	63740
chr22	19167076	63740
chr1	211432514	8193
chr22	19950648	63819,63821
chr22	19957789	63824
chr22	19958331	63824
chr22	19959101	63824
chr22	19959864	63824
chr22	21212707	63938,63940
chr22	21213272	63938,63939,63940
chr22	21213288	63938,63939,63940
chr22	21983558	64009,64010
chr22	22862652	-1
chr1	211432636	8193
chr22	22863121	64084
chr22	22863138	64084
chr22	23417384	-1
chr22	23418113	64122
chr22	23418126	64122
chr22	23421685	-1
chr22	23421701	-1
chr22	23422473	-1
chr22	24115572	64179
chr22	24116089	64179
chr1	212458545	8252,8253
chr22	24116476	64179
chr22	24128921	64185
chr22	24129256	64185
chr22	24129899	-1
chr22	25348993	-1
chr22	25349002	-1
chr22	25349605	-1
chr22	25509026	64303
chr22	28066743	-1
chr22	28066845	-1
chr1	212458563	8252,8253
chr22	28067489	-1
chr22	29189282	-1
chr22	29189294	-1
chr22	29190239	-1
chr22	29279568	64429,64432
chr22	29280053	64430,64431,64432
chr22	29280542	64430,64431,64432
chr22	29426911	64436
chr22	29426932	64436
chr22	29427398	64436,64437
chr1	212459526	-1
chr22	31741889	64691,64693,64694
chr22	31742385	64691,64692,64693,64694
chr22	31742795	64691,64692,64694
chr22	32145629	-1
chr22	32146155	64738
chr22	32146176	64738
chr22	32340470	64746,64747,64748
chr22	32340473	64746,64747,64748
chr22	32341240	64746,64749
chr22	36877459	64937,64938
chr1	212780369	8271
chr22	37957032	65034
chr22	37957757	65035
chr22	37957807	65035
chr22	38244828	65094,65095,65097,65098
chr22	38244842	65094,65095,65097,65098
chr22	38245349	65095,65096,65097,65098
chr22	39101480	65217,65218
chr22	39101594	65217,65218
chr22	39102429	65218
chr22	39707064	-1
chr1	213031506	8293,8294,8295
chr22	41346982	65406,65407
chr22	41347730	65407
chr22	41347750	65407
chr22	41681545	-1
chr22	41682395	65454
chr22	41682428	65454
chr22	41864815	65482,65483
chr22	41864817	65482,65483
chr22	41865019	65482,65483
chr22	41865533	65482
chr1	213031593	8293,8294,8295
chr22	41921693	65493
chr22	41922225	65492,65493,65495
chr22	41922480	65492,65493,65495
chr22	41922862	65492,65493,65495,65496
chr22	41923175	65492,65493,65495,65496
chr22	42665780	65598,65599
chr22	42666008	65599
chr22	42666013	65599
chr22	43010956	65630
chr22	43010966	65630
chr1	10459002	800,801,802,803
chr1	213032356	8293,8295
chr22	43011481	65630
chr22	43044495	65643,65644
chr22	43044967	65644
chr22	43045059	-1
chr22	45097433	65740
chr22	45097766	65740
chr22	45098318	65740
chr22	47048345	-1
chr22	47048421	-1
chr22	47048981	-1
chr1	214223184	-1
chr22	50356168	-1
chr22	50356189	-1
chr22	50356928	-1
chr22	50363669	-1
chr22	50364546	-1
chr22	50364569	-1
chr22	50946119	66118,66119,66120,66121
chr22	50946656	66119,66120,66121
chr22	50946681	66119,66120,66121
chr22	50963706	66122
chr1	214224040	-1
chr22	50963709	66122
chr22	50964654	66122,66123
chr22	50968435	66127,66128
chr22	50968889	66127,66128
chr22	50969348	66127,66128
chr3	5067856	-1
chr3	5068232	-1
chr3	5068754	-1
chr3	9974609	66358,66360,66361,66362
chr3	9975488	66359,66360,66361,66362
chr1	214224063	-1
chr3	9975504	66359,66360,66361,66362
chr3	10052356	66375
chr3	10052644	66375,66376
chr3	10053019	66376
chr3	14166562	66587,66588
chr3	14166573	66587,66588
chr3	14167554	66587,66589
chr3	15106185	-1
chr3	15106810	66656
chr3	15106826	66656
chr1	214724843	8337,8338
chr3	19988414	66767,66768
chr3	19988429	66767,66768
chr3	19989010	66767
chr3	25706464	66847,66848
chr3	25706473	66847,66848
chr3	25706921	66847
chr3	32433184	66942
chr3	32433711	-1
chr3	32434069	-1
chr3	33481306	-1
chr1	220960186	8419
chr3	38156602	67119
chr3	38156986	67119
chr3	38157455	67119
chr3	38158236	67119
chr3	38158845	-1
chr3	39194380	67194
chr3	39194974	67194,67195
chr3	39195316	67194,67195
chr3	45634874	67446,67447
chr3	45634936	67446,67447
chr1	220960198	8419
chr3	45635709	67446,67447
chr3	48129638	67663,67664
chr3	48440857	67678
chr3	48469984	67697
chr3	48594786	67724
chr3	48595752	67724
chr3	48595772	67724
chr3	48956231	67776,67777
chr3	48956255	67776,67777
chr3	48956629	67776,67778
chr1	220960736	-1
chr3	49058857	67811,67813,67814,67815
chr3	49059576	67811,67813,67815,67816
chr3	49059595	67811,67813,67815,67816
chr3	49507064	67905
chr3	49507374	67905
chr3	49507790	67905
chr3	50306170	68043,68044
chr3	50306725	68043,68044,68045
chr3	50307154	68044,68045,68046
chr3	50396193	68085
chr1	226069976	8570,8572,8573
chr3	50397123	68085,68086,68087
chr3	50397125	68085,68086,68087
chr3	50625808	68103
chr3	50626520	-1
chr3	50626541	-1
chr3	50648490	68107
chr3	50648948	68107
chr3	50649293	68106,68107
chr3	50649539	68106
chr3	51428038	68118,68119,68120
chr1	226070798	8572
chr3	51428565	68118,68119,68120,68122
chr3	51428568	68118,68119,68120,68122
chr3	52016665	68182
chr3	52017462	68181,68182
chr3	52017547	68181,68182
chr3	52018030	68181
chr3	52311635	68230,68232
chr3	52312229	68230,68232
chr3	52312630	68230,68231,68232
chr3	52444047	68264,68265,68266,68267
chr1	10459022	800,801,802,803
chr1	226070802	8572
chr3	52444702	68265,68266,68267,68268
chr3	52444812	68265,68266,68267,68268
chr3	52567073	68307
chr3	52828815	68347,68348
chr3	63898126	68658,68659
chr3	71632297	68837,68838,68840,68841
chr3	71633203	68838,68839,68841
chr3	71633245	68838,68839,68841
chr3	79067893	-1
chr3	79068198	68909
chr1	227506098	8667,8669
chr3	79068653	68909,68910
chr3	88198370	68951,68952
chr3	88199022	68950,68951,68952
chr3	88199060	68950,68951,68952
chr3	93781824	68956,68957
chr3	93781841	68956,68957
chr3	93782042	68956,68957,68958
chr3	98620656	69003
chr3	113414926	69239,69240
chr3	113415616	69239,69241
chr1	227506115	8667,8669
chr3	113415630	69239,69241
chr3	122786315	-1
chr3	123303514	69534
chr3	123303976	69533,69534
chr3	123304021	69533,69534
chr3	125898822	69673,69674
chr3	126373950	69706,69707
chr3	126373962	69706,69707
chr3	126374414	69706,69707
chr3	127789943	-1
chr1	227507026	8669
chr3	127790301	-1
chr3	127790634	-1
chr3	127791204	-1
chr3	127791551	-1
chr3	128206858	69796,69797,69798,69799,69800
chr3	129035069	69887,69888,69889
chr3	129035084	69887,69888,69889
chr3	129035721	69888,69889
chr3	132441146	70024,70025,70026
chr3	132442082	70024,70026
chr1	228270331	8691,8692,8693
chr3	132442085	70024,70026
chr3	133524580	70075
chr3	133524596	70075
chr3	133525115	-1
chr3	140660628	70248,70249
chr3	140660637	70248,70249
chr3	140661404	-1
chr3	150420941	70514
chr3	150421744	70513,70514
chr3	150421749	70513,70514
chr1	228271027	8691,8693
chr3	150481798	70522
chr3	156865266	-1
chr3	156877998	70643
chr3	156878001	70643
chr3	156878531	70643,70644
chr3	169379427	-1
chr3	169379436	-1
chr3	169379940	-1
chr3	183966768	71133,71134,71136
chr3	183966770	71133,71134,71136
chr1	228290965	8698,8700,8701
chr3	183967496	71133,71135,71136
chr3	185542363	71241,71242,71244
chr3	185543040	71241,71242,71243,71244
chr3	185825659	-1
chr3	185826361	71264
chr3	185826370	71264
chr3	185826826	71264,71265
chr3	186501269	71296,71298,71299
chr3	186501975	71297,71298,71299,71301
chr3	186501984	71297,71298,71299,71301
chr1	229265969	-1
chr3	187457813	71351,71352,71353
chr3	187458682	71352,71353,71354
chr3	187870985	71363,71364
chr3	187871489	71364
chr3	187871521	71364
chr3	191047101	71426
chr3	191047126	71426
chr3	191047577	-1
chr3	197476574	71677,71678,71679
chr3	197476601	71677,71678,71679
chr1	229266001	-1
chr3	197477470	71677,71678,71680
chr4	53938	-1
chr4	667226	71756,71757,71760
chr4	668089	71756,71758,71759,71760
chr4	668162	71756,71758,71759,71760
chr4	678326	-1
chr4	1340393	71882,71883
chr4	1341267	71882
chr4	1341272	71882
chr4	1713511	71892,71893,71895
chr1	229266920	-1
chr4	1713516	71892,71893,71895
chr4	1714417	71893,71894,71896
chr4	1714424	71893,71894,71896
chr4	1748095	-1
chr4	1748663	-1
chr4	1749088	-1
chr4	1749505	-1
chr4	1753570	-1
chr4	1754155	-1
chr4	1754543	-1
chr1	10459514	800,802,803
chr1	235011281	-1
chr4	2796033	72012
chr4	3076199	72054,72055
chr4	3077029	72054
chr4	3077032	72054
chr4	3443406	72094
chr4	3444229	72095
chr4	3444733	72095
chr4	4642636	-1
chr4	4642654	-1
chr4	4643529	-1
chr1	235490774	8997,8998,8999,9002,9003
chr4	6784351	72229,72230
chr4	6784354	72229,72230
chr4	6785212	72230
chr4	6910533	72241,72243
chr4	6911163	72241,72243
chr4	6911190	72241,72243
chr4	6912025	72242
chr4	7069266	-1
chr4	7069925	72275
chr4	7070127	72275
chr1	235491757	8997,8999,9000,9001,9002,9003
chr4	10117994	72361
chr4	18022871	-1
chr4	18023507	72477
chr4	18023524	72477
chr4	48781672	72850
chr4	48781684	72850
chr4	48782417	72850,72851
chr4	56412174	72933
chr4	56412845	72933,72934
chr4	56412862	72933,72934
chr1	235491771	8997,8999,9000,9001,9002,9003
chr4	57843888	72971,72972,72974
chr4	57843896	72971,72972,72974
chr4	57844868	72971,72973,72974
chr4	78078285	73279,73280
chr4	89513536	73534
chr4	89513554	73534
chr4	89513911	-1
chr4	99182249	73572
chr4	99182733	73572
chr4	99182804	-1
chr1	244614495	9147
chr4	103422460	73637,73638,73639
chr4	103423154	73638,73639
chr4	103423523	73638
chr4	103423549	73638
chr4	103748734	73666,73667,73668,73669
chr4	103749206	73667,73668,73669
chr4	103749227	73667,73668,73669
chr4	120133572	73857,73858,73859
chr4	120133592	73857,73858,73859
chr4	120134301	73857,73859,73860
chr1	244615436	9146,9147
chr4	124319533	73927,73928
chr4	124319770	73928
chr4	124320220	73928
chr4	124320673	73928
chr4	140098578	74015,74017
chr4	146403432	74132
chr4	159592709	74338
chr4	159593164	74337,74338
chr4	159593180	74337,74338
chr4	170947801	74442,74443,74446
chr1	244615450	9146,9147
chr4	184365256	74541,74542
chr4	184365269	74541,74542
chr4	184365749	74541,74542
chr4	187645025	74715,74719
chr4	187645031	74715,74719
chr4	187645673	74715,74719
chr5	671983	-1
chr5	672883	-1
chr5	672905	-1
chr5	760120	-1
chr10	976852	-1
chr5	760472	-1
chr5	760838	-1
chr5	10353632	74974,74975
chr5	10353658	74974,74975
chr5	10353832	74974,74975
chr5	38846006	75403,75404
chr5	43041611	75501,75502,75503,75504
chr5	43041616	75501,75502,75503,75504
chr5	43042125	75501,75503,75504
chr5	43313242	-1
chr10	977698	9328
chr5	43313786	75537
chr5	43313833	75537
chr5	52096051	75577,75578
chr5	56110970	75669
chr5	56110974	75669
chr5	56111424	75669
chr5	73936942	76028
chr5	73936949	76028
chr5	73937601	76028,76029
chr5	77944187	76151
chr10	977707	9328
chr5	77944579	76150,76151
chr5	77944947	76150
chr5	78365455	76160,76161
chr5	78365765	76160,76161
chr5	78366200	76160
chr5	82769738	-1
chr5	82769760	-1
chr5	82770164	-1
chr5	86563465	76314
chr5	86563924	76314
chr1	1310729	158,159,160,161
chr1	10490426	807
chr10	3828206	9421,9422
chr5	86564302	-1
chr5	86564665	-1
chr5	92916272	76374
chr5	92917263	76374,76375,76377
chr5	92917776	76374,76375,76376,76377,76378
chr5	92918516	76375,76376,76377,76378,76380
chr5	92918676	76375,76376,76377,76378,76380
chr5	95997914	76462,76463
chr5	95997933	76462,76463
chr5	95998615	76463
chr10	3828967	9422
chr5	102898230	-1
chr5	102898248	-1
chr5	102898698	76552
chr5	109025859	76587
chr5	109026331	76587
chr5	112256967	76675
chr5	112257438	76675,76676
chr5	112257824	76676,76677
chr5	112258186	76676,76677
chr5	130971075	76905
chr10	3828976	9422
chr5	130971081	76905
chr5	130971727	76905
chr5	131832190	-1
chr5	131892592	76950,76951
chr5	131892643	76950,76951
chr5	131893360	-1
chr5	132298539	77021,77022
chr5	132298551	77021,77022
chr5	132299400	77023
chr5	133339296	77069,77071
chr10	5932060	9508,9510,9511
chr5	133340094	77069,77071
chr5	133340634	77069,77070,77071
chr5	133476032	77079,77080,77081
chr5	133862353	77119,77122
chr5	133863073	77122
chr5	134824919	-1
chr5	134824927	-1
chr5	134825638	-1
chr5	135528477	-1
chr5	135529044	77248
chr10	5932064	9508,9510,9511
chr5	135529296	77248
chr5	137673238	77301,77302
chr5	137674028	77302,77303
chr5	137674054	77302,77303
chr5	137799920	77320,77321
chr5	137800664	77320,77321,77323
chr5	137800678	77320,77321,77323
chr5	137801151	77321,77323
chr5	137805425	-1
chr5	137805535	-1
chr10	5932768	9508,9510
chr5	137806009	-1
chr5	138629347	77393,77394,77395
chr5	138629352	77393,77394,77395
chr5	138630163	77393,77395
chr5	139494360	77465,77466,77467
chr5	139781192	77484,77485,77486
chr5	139782102	77484,77485
chr5	139782119	77484,77485
chr5	140699925	77608,77609
chr5	140700456	77608,77609,77610
chr10	6243772	9537
chr5	140700463	77608,77609,77610
chr5	140997789	-1
chr5	140998326	-1
chr5	140998741	77653
chr5	140998804	77653
chr5	141017147	77656,77658,77659
chr5	141704592	77714,77715,77716
chr5	141705245	77714,77715
chr5	149380543	77903,77905
chr5	149381018	77903,77905
chr10	6244772	9537
chr5	149381035	77903,77905
chr5	149865607	77981
chr5	154135239	78164
chr5	158635710	78275
chr5	158636369	78275,78276
chr5	158636710	78275,78276
chr5	168006123	-1
chr5	168006729	78346
chr5	168006737	78346
chr5	170814796	78372
chr10	7583276	-1
chr5	170814798	78372
chr5	170815520	-1
chr5	172284929	78422
chr5	172285860	78422
chr5	172285863	78422
chr5	172483354	78449,78450
chr5	172483371	78449,78450
chr5	172484235	78450
chr5	172756912	78467,78468,78469
chr5	172756961	78467,78468,78469
chr10	7583280	-1
chr5	172757724	78468
chr5	175224077	-1
chr5	175224651	-1
chr5	175224943	-1
chr5	175874637	78536
chr5	175875292	78535,78536
chr5	175875355	78535,78536
chr5	175963697	78544,78545
chr5	175964147	78544,78545,78546
chr5	175964158	78544,78545,78546
chr1	10490431	807
chr10	7584003	-1
chr5	176923954	78644,78645
chr5	176924625	78644,78646
chr5	176924886	78644,78646
chr5	177580335	-1
chr5	177580899	78701
chr5	177580920	78701
chr5	177581607	78701
chr5	177631549	78702,78704
chr5	179033511	-1
chr5	179034008	-1
chr10	14920814	9722,9723
chr5	179034483	78738
chr5	179158939	78770,78771
chr5	179159718	78771
chr5	179159733	78771
chr5	179160230	-1
chr5	179247797	78796,78797
chr5	179248678	78797,78798
chr5	179248683	78797,78798
chr5	179249552	78797,78798,78799,78800
chr5	179264531	78805
chr10	14920821	9722,9723
chr6	291891	78930
chr6	291911	78930
chr6	292795	-1
chr6	692593	78954
chr6	693118	78955
chr6	693136	78955
chr6	1316344	-1
chr6	1316976	-1
chr6	1317000	-1
chr6	1317662	-1
chr10	14921601	9722
chr6	2765335	79023
chr6	2765345	79023
chr6	2765557	79023
chr6	2766211	79024
chr6	3751668	79128,79130
chr6	3840803	-1
chr6	3840819	-1
chr6	3841471	-1
chr6	4135432	79160,79161,79163
chr6	7107020	79234,79235
chr10	21784855	-1
chr6	7107471	79234,79235,79237
chr6	7107810	79234,79235,79237
chr6	7108164	79234,79235,79237
chr6	7108836	79235,79236,79237
chr6	7109089	79236,79237
chr6	7910328	79310,79311
chr6	7911243	79310,79312
chr6	7911260	79310,79312
chr6	13711112	79498,79500
chr6	13711145	79498,79500
chr10	21784875	-1
chr6	13712064	79499,79500
chr6	15245582	79517,79518
chr6	15248275	79519,79521,79522
chr6	15248956	79520,79521,79522,79523
chr6	15248969	79520,79521,79522,79523
chr6	16129224	79535
chr6	16129238	79535
chr6	16129673	-1
chr6	18122501	-1
chr6	18122939	79610
chr10	21785686	-1
chr6	18123003	79610
chr6	20403669	79652,79653
chr6	20404073	79652,79653,79654
chr6	20404656	79652,79654
chr6	24720434	79748,79749,79750
chr6	24720453	79748,79749,79750
chr6	24721004	79748,79749,79750,79751
chr6	25279435	79780,79781,79782
chr6	25279454	79780,79781,79782
chr6	25280125	79780,79782
chr10	27389125	9970
chr6	25992315	79833
chr6	25992325	79833
chr6	25993095	79833
chr6	26055277	79842
chr6	26055282	79842
chr6	26055735	79842
chr6	26596292	79919,79920
chr6	26597150	79919,79920,79921,79922
chr6	26597159	79919,79920,79921,79922
chr6	27798750	-1
chr10	27389529	9969,9970
chr6	27799344	79979
chr6	27799403	79979
chr6	28104653	80006,80007
chr6	28104670	80006,80007
chr6	28105197	80006,80008
chr6	28863434	-1
chr6	28863447	-1
chr6	28864163	-1
chr6	31496950	-1
chr6	31514533	80402,80403,80404,80405
chr10	27389545	9969,9970
chr6	31514598	80402,80403,80404,80405
chr6	31515367	80403,80405,80406
chr6	31704783	80479
chr6	31705424	80479,80480,80481
chr6	31705443	80479,80480,80481
chr6	31763163	-1
chr6	31926766	80580,80581,80582,80583
chr6	31926864	80580,80582,80583
chr6	31926968	80580,80582,80583
chr6	32097391	80627,80628
chr1	10491284	-1
chr10	27443311	9981,9982,9984
chr6	32098080	80628,80629
chr6	32098090	80628,80629
chr6	32937957	80722,80724,80725
chr6	32938068	80722,80725,80726
chr6	32938624	80725,80726
chr6	32949583	-1
chr6	33168009	80757,80758,80760,80761
chr6	33168627	80759,80760,80761,80762
chr6	33168643	80759,80760,80761,80762
chr6	33290420	80808,80809,80810
chr10	27443338	9981,9982,9984
chr6	33290432	80808,80809,80810
chr6	33290884	80809,80810,80811
chr6	33291416	80810,80811
chr6	33547359	80837
chr6	33547970	80838
chr6	33547990	80838
chr6	34205357	80910,80911,80912
chr6	34359604	80936
chr6	34360515	80936,80937
chr6	34360544	80936,80937
chr10	27443935	9981,9984
chr6	34535376	-1
chr6	34759916	80959
chr6	35436136	81012,81013,81014,81015
chr6	35436140	81012,81013,81014,81015
chr6	35436608	81013,81014,81015
chr6	36164340	81076
chr6	36164407	81076,81077
chr6	36164976	81077,81078
chr6	36165012	81077,81078
chr6	36644984	81129,81130
chr10	27443952	9981,9984
chr6	36645634	81129,81130
chr6	37137584	81178,81179
chr6	37137594	81178,81179
chr6	37138298	81178,81180
chr6	38670367	-1
chr6	38670900	81281
chr6	38670921	81281
chr6	41570009	-1
chr6	42713092	81514,81515,81517
chr6	42713803	81513,81514,81515,81517
chr10	28822284	10015,10017,10018
chr6	42713832	81513,81514,81515,81517
chr6	42750686	81523,81524,81525,81526
chr6	42751256	81524,81525,81526
chr6	42751284	81524,81525,81526
chr6	42947033	81558
chr6	43027289	81588,81589,81591,81593
chr6	43027296	81588,81589,81591,81593
chr6	43028141	81588,81590,81592,81593
chr6	43138843	81614
chr6	43138860	81614
chr10	28966423	10037
chr6	43139067	81614
chr6	43139972	81615
chr6	43242473	-1
chr6	43242495	-1
chr6	43242885	81643
chr6	43245807	-1
chr6	43246589	-1
chr6	43246592	-1
chr6	44214313	81780,81781,81782,81783,81784
chr6	44214789	81780,81782,81783,81784,81785
chr10	28967069	-1
chr6	52441378	82014,82015,82016
chr6	52441671	82013,82014,82015,82016
chr6	52442125	82013,82014,82015,82016
chr6	87865188	82497
chr6	87865445	82497
chr6	87866102	-1
chr6	105404111	82671
chr6	105404131	82671
chr6	105404557	82671
chr6	107436503	82714
chr10	43892180	10304,10305
chr6	108881090	82770,82771,82773
chr6	108882018	82770,82772,82773
chr6	108882032	82770,82772,82773
chr6	110887021	-1
chr6	111196583	-1
chr6	114177562	82976,82977
chr6	114178120	82976,82977,82978
chr6	114178162	82976,82977,82978
chr6	114179409	82975,82977,82978,82979
chr6	114179789	82975,82978,82979,82981
chr10	43892264	10304,10305
chr6	114179881	82975,82978,82979,82981
chr6	117803784	83077
chr6	117804474	-1
chr6	117804497	-1
chr6	119399111	-1
chr6	119400033	83136
chr6	119400037	83136
chr6	127664208	83295,83297
chr6	127664724	83295,83296,83297
chr6	127664727	83295,83296,83297
chr10	43892803	10304,10306
chr6	131383873	-1
chr6	131384549	83417
chr6	131384558	83417
chr6	132268139	-1
chr6	132268404	-1
chr6	132268966	-1
chr6	137674222	83648
chr6	137674244	83648
chr6	137675206	-1
chr6	139694811	83741
chr1	11072411	830,831
chr10	43903765	10307
chr6	139695657	83741,83742
chr6	139695678	83741,83742
chr6	143265819	83790
chr6	143266644	83791
chr6	143266665	83791
chr6	143380936	83800
chr6	143381500	83800
chr6	143381533	83800
chr6	143382273	83799
chr6	143771886	83811,83812
chr10	43904531	10307,10308,10309
chr6	146135480	83906,83907
chr6	146135840	83905,83906,83907
chr6	146136341	83905,83907
chr6	149638641	83990,83991
chr6	149638653	83990,83991
chr6	149639268	83991
chr6	151710817	84106
chr6	151711727	84106,84109,84110
chr6	151711731	84106,84109,84110
chr6	153303619	84177
chr10	44732394	-1
chr6	153304243	84175,84177
chr6	153304261	84175,84177
chr6	154830738	-1
chr6	154830786	-1
chr6	154831671	84205
chr6	155560510	-1
chr6	155560957	-1
chr6	155561356	-1
chr6	155561807	-1
chr6	157098393	84247,84249
chr10	44732414	-1
chr6	157098420	84247,84249
chr6	157099197	84249,84251
chr6	157801107	84281
chr6	157801149	84281,84282
chr6	157802051	84280,84281,84282
chr6	157802066	84280,84281,84282
chr6	157952362	-1
chr6	157952404	-1
chr6	157952632	-1
chr6	158654003	84355
chr10	44733191	-1
chr6	158654693	84355
chr6	158654701	84355
chr6	159126579	-1
chr6	160210557	84474,84475,84476,84478,84479
chr6	160211429	84475,84477,84478,84479
chr6	160211448	84475,84477,84478,84479
chr6	163834990	84586,84587,84589
chr6	163834996	84586,84587,84589
chr6	163835672	84586,84587,84589,84590,84591
chr6	163836312	84586,84588,84589,84590,84591,84592
chr10	45459007	-1
chr6	163837104	84588,84590,84591,84592,84593
chr6	163837113	84588,84590,84591,84592,84593
chr6	166795479	84676
chr6	168226685	84753,84755,84757,84759
chr6	168227254	84754,84755,84756,84757,84759
chr6	168227286	84754,84755,84756,84757,84759
chr6	170102165	84848,84849,84851,84852
chr6	170102173	84848,84849,84851,84852
chr6	170102855	84848,84850,84851,84852,84853
chr6	170190202	84873,84874
chr10	45459827	-1
chr7	966249	-1
chr7	966274	-1
chr7	966859	84990
chr7	1031478	-1
chr7	1031488	-1
chr7	1031985	-1
chr7	1032926	-1
chr7	1032931	-1
chr7	1083973	85013
chr7	1083981	85013
chr10	45459843	-1
chr7	1084426	-1
chr7	1580951	85072,85073
chr7	1581328	85073
chr7	1581840	-1
chr7	1582219	-1
chr7	2672273	-1
chr7	5464690	85253,85254
chr7	5464787	85253,85254
chr7	5465552	85255
chr7	5467497	85257
chr10	46965569	-1
chr7	5569257	85268,85269,85270
chr7	5570196	85270,85271
chr7	5570199	85270,85271
chr7	6616147	85362,85363
chr7	6617098	85361,85362,85363
chr7	6617113	85361,85362,85363
chr7	19748760	85504
chr7	19748784	85504
chr7	19749432	85504
chr7	23510290	85590,85591,85592,85593,85594
chr10	46969422	10366,10368,10369
chr7	23510897	85591,85592,85593,85594
chr7	23510915	85591,85592,85593,85594
chr7	25990770	85630
chr7	25991173	85630
chr7	25991176	85630
chr7	28995754	-1
chr7	28995777	-1
chr7	28996312	85749
chr7	29603296	85769,85770,85772
chr7	29603875	85769,85772
chr1	11072428	830,831
chr10	46969437	10366,10368,10369
chr7	29604323	85769,85771,85772
chr7	29604633	85769,85771,85772
chr7	32931099	85880
chr7	32931899	85879,85880
chr7	36192779	85927,85929,85930
chr7	36192799	85927,85929,85930
chr7	36193228	85928,85929,85930
chr7	37011229	-1
chr7	37960210	85967
chr7	37960229	85967
chr10	46969937	10368,10369,10372
chr7	37961050	-1
chr7	43622468	86049,86051
chr7	43622494	86049,86051
chr7	43623315	86050
chr7	44106904	86099
chr7	44613535	86153,86154
chr7	44613553	86153,86154
chr7	44613766	86153,86154
chr7	45039461	86230,86231
chr7	45039466	86230,86231
chr10	60094703	10507
chr7	45040277	-1
chr7	45730951	-1
chr7	47621150	86308
chr7	47621671	86308,86309
chr7	51384201	-1
chr7	55433535	86391,86392
chr7	55433538	86391,86392
chr7	55434188	86392
chr7	72936097	-1
chr7	72936101	-1
chr10	60095143	-1
chr7	72936681	86582
chr7	74071750	86684
chr7	74071755	86684
chr7	74072686	-1
chr7	75988075	86784
chr7	75988171	86784,86785
chr7	75988792	86785
chr7	75988849	86785
chr7	77166959	-1
chr7	77167697	-1
chr10	60095631	-1
chr7	77325642	86822,86823,86825
chr7	77325652	86822,86823,86825
chr7	77326392	86822,86824,86825
chr7	77427976	86831,86832
chr7	77427990	86831,86832
chr7	77428713	86831
chr7	92463334	87026,87027
chr7	94139466	87058
chr7	96634728	87130,87131
chr7	96634748	87130,87131
chr10	62703245	-1
chr7	96635299	87130,87131
chr7	97910553	87172
chr7	97910572	87172
chr7	97911409	87173
chr7	98972222	87244,87245
chr7	98972241	87244,87245
chr7	98973100	87244,87246
chr7	99678742	87370,87371
chr7	99679272	87371,87372
chr7	99679302	87371,87372
chr10	62704109	10573
chr7	99698218	87384,87385,87386,87387,87388,87390
chr7	99698228	87384,87385,87386,87387,87388,87390
chr7	99699074	87386,87388,87389,87390
chr7	100033544	-1
chr7	100034068	87449
chr7	100034084	87449
chr7	100168941	-1
chr7	100174999	87471
chr7	100175814	87471,87472
chr7	100183798	87477,87478,87479
chr10	64892880	10614
chr7	100184138	87477,87478,87479
chr7	100184181	87477,87478,87479
chr7	100303632	87516
chr7	100303640	87516
chr7	100304593	-1
chr7	100472633	87540,87541
chr7	100472635	87540,87541
chr7	100473270	87540
chr7	104653114	87786,87789
chr7	104653148	87786,87789
chr10	64892894	10614
chr7	104653597	87785,87786,87789
chr7	105029171	87827
chr7	105029753	87827,87828
chr7	105029769	87827,87828
chr7	106809345	87889,87890
chr7	106810260	87890
chr7	106810278	87890
chr7	127743616	-1
chr7	127743689	-1
chr7	127744463	-1
chr10	64893631	-1
chr7	128864676	88358
chr7	128864695	88358
chr7	128865527	-1
chr7	129251241	88375,88376
chr7	129251243	88375,88376
chr7	129251933	88374,88376
chr7	138144831	88648,88649
chr7	138144838	88648,88649
chr7	138145759	88649,88650
chr7	143092745	-1
chr1	11072643	830,831
chr10	65389593	10636
chr7	148844409	88955,88956,88957
chr7	148844427	88956,88957
chr7	148845234	88956
chr7	149570825	89019,89020,89021,89022
chr7	150065268	89044,89045,89047
chr7	150065843	89045,89047,89048
chr7	150065865	89045,89047,89048
chr7	150066410	89046,89047,89048,89049
chr7	150066430	89046,89047,89048,89049
chr7	152456724	89239
chr10	65389977	10636
chr7	152456748	89239
chr7	152457433	-1
chr7	155600780	89287
chr7	155601779	89287,89288
chr7	156931295	89323
chr7	156931638	89323
chr7	156932287	-1
chr7	158621042	89430,89432
chr7	158621057	89430,89432
chr7	158621804	89432
chr10	65390462	10636
chr7	158622399	89431,89432
chr7	158622420	89431,89432
chr8	494793	89459,89460,89461
chr8	495199	89460,89461
chr8	495491	89460,89461
chr8	1712035	89482,89483
chr8	1712674	89482
chr8	1712693	89482
chr8	6264146	89501,89502,89503
chr8	6264162	89501,89502,89503
chr10	70660594	10726
chr8	6264949	89501,89502,89504
chr8	8243444	-1
chr8	8243904	89532
chr8	8244375	89532,89533
chr8	11422181	89616
chr8	11422196	89616
chr8	11422994	89616
chr8	11702311	89645,89646
chr8	12612843	89674,89675
chr8	12613289	89674
chr10	70660657	10726
chr8	12613668	89674
chr8	17354398	89723
chr8	18872026	89843
chr8	21917133	-1
chr8	21966914	89949
chr8	21966933	89949
chr8	21967810	89949,89950
chr8	22926024	-1
chr8	23540040	-1
chr8	23540400	90138
chr10	70660793	10726
chr8	23540784	90138
chr8	25316025	90166,90167,90168
chr8	25316534	90166,90167,90168
chr8	25316546	90166,90167,90168
chr8	30012969	90370
chr8	30013821	90369,90370
chr8	30013927	90369,90370
chr8	37553291	90428,90429,90430
chr8	37888221	90472,90473
chr8	37962211	90475,90476
chr10	74035294	-1
chr8	37963035	90475,90476,90477
chr8	37963037	90475,90476,90477
chr8	40014293	-1
chr8	41908668	90624,90626
chr8	41909525	90625,90626
chr8	41909559	90625,90626
chr8	42697935	-1
chr8	42698477	90681,90682
chr8	42698481	90681,90682
chr8	42995480	90706,90708
chr10	74036002	-1
chr8	42995899	90707,90708
chr8	42996431	90707,90708
chr8	57905437	90841
chr8	57905899	90840,90841
chr8	57905912	90840,90841
chr8	61590831	90879,90880
chr8	61591599	90878,90879,90880
chr8	61591617	90878,90879,90880
chr8	61592572	90878,90880
chr8	62626432	-1
chr10	76585958	11135
chr8	62627409	90905
chr8	62627412	90905
chr8	67976524	90979
chr8	67976543	90979
chr8	67977170	-1
chr8	71314406	91014
chr8	71314422	91014
chr8	71314861	91012,91014
chr8	74790461	-1
chr8	74791065	91058
chr10	76585969	11135
chr8	74791106	91058
chr8	81398915	91120,91121,91122
chr8	81398918	91120,91121,91122
chr8	81399622	91120,91122,91123
chr8	86089346	91164,91165
chr8	86089401	91164,91165
chr8	86090044	91164
chr8	92052619	-1
chr8	92053138	91232
chr8	92053155	91232
chr1	12627244	-1
chr10	76586164	11135
chr8	98656421	91358,91359,91360
chr8	98656425	91358,91359,91360
chr8	98657225	91359,91360
chr8	98787992	91368
chr8	98788049	91368
chr8	98788548	91369
chr8	99952803	-1
chr8	101965185	91487
chr8	103424333	-1
chr8	103424348	-1
chr10	77191632	-1
chr8	103424945	91544
chr8	103424968	91544
chr8	103668826	91553
chr8	110656925	91650,91651,91653
chr8	120885702	91755
chr8	120886150	91755
chr8	120886595	91756
chr8	124408043	-1
chr8	124408943	91819
chr8	124408945	91819
chr10	88281177	11419,11420
chr8	124429220	91820
chr8	126441531	91903,91904
chr8	126442428	91903,91904
chr8	126442446	91903,91904
chr8	128747623	91931,91932,91933
chr8	128748386	91933,91934
chr8	128748437	91933,91934
chr8	130952028	91965
chr8	141521205	92115,92116,92118
chr8	141522128	92115,92117,92118
chr10	88281640	11418,11419,11420
chr8	141522138	92115,92117,92118
chr8	142084850	-1
chr8	142085314	-1
chr8	142085777	-1
chr8	142136763	92170
chr8	142136784	92170
chr8	142137544	92170
chr8	142244056	-1
chr8	142244897	-1
chr8	142244931	-1
chr10	88281658	11418,11419,11420
chr8	143484229	92209
chr8	143484728	92208,92209
chr8	144653810	92320
chr8	144654283	-1
chr8	144654652	-1
chr8	144691533	92342,92343
chr8	144691960	92342,92343,92344
chr8	144692187	92342,92343,92344
chr8	144897493	92386,92387
chr8	144898036	92386,92387,92388
chr10	88854564	11453,11455,11456,11457
chr8	144898055	92386,92387,92388
chr8	144911547	92395,92396
chr8	144911555	92395,92396
chr8	144912515	92395
chr8	145133505	92458
chr8	145133582	92458
chr8	145134028	92459
chr8	145159229	92471,92473,92474,92476,92477
chr8	145159271	92471,92473,92474,92476,92477
chr8	145159819	92471,92473,92475,92476,92477
chr10	88854569	11453,11455,11456,11457
chr9	2015142	92673,92674,92675
chr9	2015930	92674,92675,92677
chr9	15510404	92904,92905
chr9	15510996	92904,92905,92906
chr9	15511022	92904,92905,92906
chr9	21802260	92976
chr9	21802270	92976
chr9	21803194	-1
chr9	27572967	-1
chr9	27573841	93010,93011
chr10	88855375	11453,11455,11456,11458
chr9	27573849	93010,93011
chr9	33166832	93066,93067
chr9	33816977	93106,93107
chr9	33817044	93106,93107
chr9	33817936	93106
chr9	33925095	93114,93115
chr9	33925620	93114,93115
chr9	33926016	93114,93115
chr9	35072719	93220
chr9	35072745	93220
chr10	88855400	11453,11455,11456,11458
chr9	35073523	93220
chr9	35115845	93238
chr9	35116376	93238,93239
chr9	35657732	93267
chr9	35657750	93267
chr9	35658473	93267
chr9	35749492	93318,93319
chr9	36036710	93346
chr9	36037431	-1
chr9	36037439	-1
chr10	90750305	11496,11498,11500
chr9	74383408	93593
chr9	74383984	93593
chr9	74384349	93593,93594
chr9	74525363	93596,93598
chr9	74526218	93597,93598
chr9	74526267	93597,93598
chr9	79009318	93655
chr9	79009341	93655
chr9	79010012	93655
chr9	80646861	93678,93679
chr1	12627674	-1
chr10	90751129	11497,11498,11500
chr9	80911285	93684
chr9	80911838	93684
chr9	80911864	93684
chr9	84303777	93699,93701
chr9	84304478	93699,93700,93701
chr9	84304483	93699,93700,93701
chr9	86595155	93744,93745,93746,93747,93749
chr9	86595578	93745,93746,93748,93749
chr9	86595596	93745,93746,93748,93749
chr9	91003352	93825,93826
chr10	90751758	11497,11499,11500
chr9	93799663	-1
chr9	95889337	93996
chr9	95889349	93996
chr9	95890076	93996
chr9	98272716	94120,94122
chr9	98273177	94122
chr9	98273654	-1
chr9	102583435	94291,94292
chr9	107826230	-1
chr9	107826249	-1
chr10	90751764	11497,11499,11500
chr9	107827023	-1
chr9	108006681	94385
chr9	108006712	94385
chr9	108007641	94386,94387
chr9	110045508	94413,94415
chr9	110045524	94413,94415
chr9	110046278	94414,94415
chr9	110046296	94414,94415
chr9	114245784	94573
chr9	116172650	94692,94693,94694,94695,94696
chr10	91152104	11518
chr9	116172670	94692,94693,94694,94695,94696
chr9	116172870	94693,94694,94695,94696
chr9	116880176	-1
chr9	116880691	-1
chr9	116880768	-1
chr9	123639389	94871
chr9	127532834	95121
chr9	127533669	95119,95121
chr9	127533707	95119,95120,95121
chr9	127534373	95119,95120
chr10	91152110	11518
chr9	127623504	95136
chr9	127624271	95134,95135,95136
chr9	127624291	95134,95135,95136
chr9	127951736	95159
chr9	127951761	95159
chr9	127952209	95159,95160
chr9	130497016	95332,95333
chr9	130497609	95333,95334
chr9	130497655	95333,95334
chr9	131549474	95575
chr10	91152683	-1
chr9	131549479	95575
chr9	131550262	-1
chr9	131709011	95614
chr9	131709808	95612,95613,95614
chr9	131709855	95612,95613,95614
chr9	131901693	95647,95648
chr9	131902307	95648,95649,95650
chr9	131902338	95648,95649,95650
chr9	131902996	95649,95650,95651
chr9	132176056	95673
chr10	95360391	11656,11657
chr9	132176094	95673
chr9	132177044	95673
chr9	133710376	95788
chr9	133711175	-1
chr9	133711184	-1
chr9	134268495	95848,95850
chr9	134269103	95848,95850
chr9	134269105	95847,95848,95850
chr9	135820056	95974,95975
chr9	135820065	95974,95975
chr10	97889744	11784
chr9	135820255	95974,95975
chr9	137219711	96141
chr9	138391728	96177,96179,96181,96182
chr9	138392428	96177,96178,96179,96181,96182
chr9	138392433	96177,96178,96179,96181,96182
chr9	138393035	96177,96178,96180,96181,96182
chr9	139304291	96248,96249,96252
chr9	139305051	96249,96250,96251,96252,96254,96255
chr9	139305069	96249,96250,96251,96252,96254,96255
chr9	139743769	96360
chr10	97889753	11784
chr9	139743778	96360
chr9	139744411	-1
chr9	139745410	96361
chr9	139980497	96428
chr9	139981294	96427,96428,96430
chr9	139981467	96427,96428,96429,96430
chr9	140083040	96462,96463,96464,96465
chr9	140083083	96462,96463,96464,96465
chr9	140083619	96462,96463,96465
chr9	140134810	96489,96491,96492
chr10	97890195	11785,11786
chr9	140135618	96489,96490,96491,96492,96493
chr9	140135640	96489,96490,96491,96492,96493
chr9	140136550	96489,96490,96493,96494
chr9	140349052	96528,96529,96530,96531
chr9	140349069	96528,96529,96530,96531
chr9	140349497	96529,96530,96531
chrX	192372	96616
chrX	193013	96616
chrX	1499206	-1
chrX	1504493	-1
chr1	12628162	-1
chr10	98436789	-1
chrX	1505263	96638
chrX	1505783	96638,96639
chrX	3733762	-1
chrX	30907035	-1
chrX	30907561	96845
chrX	30907571	96845
chrX	39872327	-1
chrX	39873092	-1
chrX	40943983	96883,96885,96887
chrX	40944857	96884,96885,96886,96887
chr10	98437180	-1
chrX	40944866	96884,96885,96886,96887
chrX	53710300	-1
chrX	53710980	97163
chrX	53711251	97163
chrX	53711355	97163
chrX	123094423	97552,97553,97554,97555
chrX	123095401	97554,97555
chrX	123096210	-1
chrX	131623251	97609
chrX	152988974	97741,97742,97747
chr10	98437225	-1
chrX	152989913	97741,97743,97744,97745,97747,97748
chrX	152989921	97741,97743,97744,97745,97747,97748
chrX	153059820	97756,97757
chrX	153059822	97756,97757
chrX	153060505	97756
chrX	153212112	97766
chrX	153625926	97812,97814,97815
chrX	153626477	97811,97812,97814,97815,97816
chrX	153626595	97811,97812,97814,97815,97816
chrX	153774940	97855,97856,97857,97858
chr10	101989382	12029
chrX	153775777	97855,97857,97858
chrX	153775797	97855,97857,97858
chr10	101989384	12029
chr10	101990185	12029
chr10	102760009	-1
chr10	102821582	12116,12117,12118
chr10	102822487	12118
chr10	102822500	12118
chr1	15587510	-1
chr10	103113684	12133
chr10	103113731	12133
chr10	103114201	-1
chr10	103577888	-1
chr10	103577916	-1
chr10	103578836	12187
chr10	103892709	12213,12215
chr10	103892720	12213,12215
chr10	103893389	12214,12215
chr10	104155392	12257,12258
chr1	1310736	158,159,160,161
chr1	16075437	-1
chr10	104404814	12303,12304
chr10	104473643	12315
chr10	104473649	12315
chr10	104474478	12314,12315,12316
chr10	104952387	-1
chr10	104952404	-1
chr10	104953129	12355,12356
chr10	111767282	12461,12462,12464
chr10	111767295	12461,12462,12464
chr10	111768020	12463,12464,12465
chr1	16472512	-1
chr10	112327051	12483
chr10	112327062	12483
chr10	112327599	12483
chr10	120839707	-1
chr10	120839719	-1
chr10	120840299	12773
chr10	126479926	13000
chr10	126480447	13000,13001
chr10	126480466	13000,13001
chr11	575537	13277,13279,13280
chr1	19227124	-1
chr11	575550	13277,13279,13280
chr11	576458	13277,13278,13280
chr11	576495	13277,13278,13280
chr11	2008979	-1
chr11	2009521	-1
chr11	2009540	-1
chr11	2010221	13527
chr11	2584206	-1
chr11	2584738	-1
chr11	2585131	-1
chr1	19227839	-1
chr11	2662361	-1
chr11	2667914	-1
chr11	2673866	-1
chr11	2674563	-1
chr11	2675390	-1
chr11	2675984	-1
chr11	2676489	-1
chr11	2677140	-1
chr11	2720699	-1
chr11	2721439	13586
chr1	19227866	-1
chr11	2721472	13586
chr11	2722016	13586
chr11	3012804	-1
chr11	3663333	13647,13648
chr11	3664023	13647,13648
chr11	3664038	13647,13648
chr11	8709796	13851
chr11	8710532	-1
chr11	8710573	-1
chr11	8720765	-1
chr1	19275323	-1
chr11	9286979	13904
chr11	10325525	13973,13974,13975
chr11	10772726	13992
chr11	10772740	13992
chr11	10773463	-1
chr11	14380088	14115
chr11	14380103	14115
chr11	14380733	14115,14116
chr11	14665316	14139,14140,14142
chr11	17035369	14187
chr1	19275684	-1
chr11	17036289	14188
chr11	17373186	14206,14207
chr11	17373191	14206,14207
chr11	17374124	14207
chr11	18343744	14254,14256
chr11	18343819	14254,14256
chr11	18344634	14254,14255
chr11	32112580	14414,14415,14417
chr11	32113221	14415,14416,14417
chr11	32113242	14415,14416,14417
chr1	19276017	-1
chr11	33038025	-1
chr11	46143000	14780,14782,14783
chr11	46143008	14780,14782,14783
chr11	46143411	14782,14783
chr11	46143841	14782,14783
chr11	46739872	14856,14857
chr11	46739889	14856,14857
chr11	46740758	14856,14857
chr11	47183431	14898
chr11	47574388	-1
chr1	20877928	1445
chr11	59382577	-1
chr11	59383440	15169,15170
chr11	59383461	15169,15170
chr11	61560088	15341,15342
chr11	61560202	15341,15342
chr11	61560319	15341,15342
chr11	61734323	15382,15383,15385
chr11	61735245	15384,15385
chr11	61735266	15384,15385
chr11	61736036	15384,15386
chr1	20878673	1445,1447,1448
chr11	62341646	15428,15429,15430,15433
chr11	62341653	15428,15429,15430,15433
chr11	62342442	15429,15431,15432,15433
chr11	62413233	-1
chr11	62414098	15470
chr11	62414135	15470
chr11	62554164	15504
chr11	62554878	15503,15504
chr11	62554900	15503,15504
chr11	63684670	15607,15608
chr1	1334777	162,163
chr1	20878694	1445,1447,1448
chr11	63684677	15607,15608
chr11	63685370	15607,15608
chr11	63953536	15638,15639
chr11	63953540	15638,15639
chr11	63954319	15638
chr11	64645431	15792
chr11	64646279	15791,15792
chr11	64646286	15791,15792
chr11	64691605	15807,15808,15809
chr11	64692138	15806,15807,15808,15809
chr1	20879387	1447,1448,1449
chr11	64692156	15806,15807,15808,15809
chr11	65186701	-1
chr11	65189760	15903
chr11	65190224	15902,15903
chr11	65190240	15902,15903
chr11	65196900	15907,15908,15909
chr11	65197491	15908,15909
chr11	65197534	15908,15909
chr11	65382803	15986,15987,15988,15990,15992
chr11	65382922	15986,15987,15988,15990,15992
chr1	23345892	1631
chr11	65383479	15986,15987,15989,15990,15992
chr11	66035207	16130
chr11	66035218	16130
chr11	66035905	16130
chr11	66079533	-1
chr11	66080072	-1
chr11	66080481	-1
chr11	66080787	-1
chr11	66081329	-1
chr11	66610415	16239,16241,16242
chr1	23345901	1631
chr11	66610908	16240,16241,16242
chr11	66610935	16240,16241,16242
chr11	67121268	16307
chr11	67121275	16307
chr11	67122195	16307
chr11	67397393	16380
chr11	67798201	16403,16404
chr11	67798244	16403,16404
chr11	67798651	16404
chr11	67889682	16425
chr1	23346440	-1
chr11	67889684	16425
chr11	67890478	16425
chr11	67980779	16434,16435
chr11	67981360	16435
chr11	67981362	16435
chr11	69455300	-1
chr11	69455962	-1
chr11	69456004	-1
chr11	69460241	-1
chr11	70049368	16527,16528
chr1	23885206	-1
chr11	70049370	16527,16528
chr11	70050055	-1
chr11	71639616	16612,16613
chr11	71640059	16612,16613
chr11	71640066	16612,16613
chr11	71791556	16640,16641,16642
chr11	71791793	16641,16642
chr11	71791797	16641,16642
chr11	72525173	16714
chr11	72525951	-1
chr1	25240482	-1
chr11	72525967	-1
chr11	73041955	-1
chr11	73042517	-1
chr11	73042543	-1
chr11	74109257	-1
chr11	74109841	16833,16834
chr11	74109845	16833,16834
chr11	74459923	16852,16853
chr11	74460540	-1
chr11	74460564	-1
chr1	25240880	-1
chr11	75062558	16896,16897
chr11	75063002	16896,16897
chr11	75063419	16896,16897
chr11	75430297	16943,16944,16945
chr11	75430794	16943,16945
chr11	75431162	16943
chr11	75945301	-1
chr11	76494523	16996,16997,16998
chr11	86667075	17232,17234
chr11	86667157	17232,17234
chr1	25241214	-1
chr11	86667528	17232
chr11	94800323	17334,17335
chr11	94800342	17334,17335
chr11	94800930	17335
chr11	104839239	17444
chr11	104839817	17444
chr11	104840139	17444,17445
chr11	107880041	17474
chr11	107880059	17474
chr11	107880670	17474
chr1	26827105	1927
chr11	115374357	-1
chr11	115374733	-1
chr11	115375249	17687
chr11	117015167	17737
chr11	117015240	-1
chr11	117015834	-1
chr11	117103395	17778,17780,17781,17782
chr11	117186562	17797,17798
chr11	118306351	17894,17895,17896
chr11	118306821	17894,17895,17896
chr1	1334780	162,163
chr1	26827577	1927
chr11	118306833	17894,17895,17896
chr11	118531313	-1
chr11	118782213	17983,17985
chr11	118782678	17985
chr11	118783163	17985
chr11	118799449	17988
chr11	118800427	-1
chr11	118927265	18016,18017,18018,18020
chr11	118927852	18018,18019,18020
chr11	118927870	18018,18019,18020
chr1	26827635	1927
chr11	119076649	18075
chr11	119077330	18076
chr11	119077602	18076
chr11	120069418	-1
chr11	121526422	-1
chr11	121526915	-1
chr11	121527342	-1
chr11	125461752	18335
chr11	125462586	18334,18335
chr11	125462677	18334,18335
chr1	27648594	2009,2010,2011
chr11	125463228	18334
chr12	1099929	18629,18630,18631
chr12	1099948	18629,18630,18631
chr12	1100559	18629,18630,18631
chr12	6444984	18817,18818
chr12	6445628	18818
chr12	6888175	-1
chr12	6888222	-1
chr12	6889127	-1
chr12	6960484	18973,18975
chr1	27648636	2009,2010,2011
chr12	6961183	18973,18974,18975
chr12	6981766	18986,18989
chr12	6982321	18987,18988,18989
chr12	6982340	18987,18988,18989
chr12	7341630	19069,19070
chr12	7342290	19069,19070
chr12	7342300	19069,19070
chr12	14923035	19351
chr12	14923044	19351
chr12	14924020	19351,19352
chr1	27649338	2011
chr12	14924037	19351,19352
chr12	27367031	-1
chr12	27367492	-1
chr12	27367866	-1
chr12	31477255	19594,19595
chr12	31477636	19594
chr12	31478178	19594,19596
chr12	32259304	19624,19625
chr12	32259759	19623,19624,19625,19626
chr12	32259772	19623,19624,19625,19626
chr1	28051555	2064
chr12	39836432	19680,19682
chr12	39837068	19681,19682
chr12	39837114	19681,19682
chr12	44152827	19710,19711
chr12	46120760	19738
chr12	46121482	19738,19739
chr12	46121501	19738,19739
chr12	46383979	19765
chr12	46384562	19764,19765
chr12	46384569	19764,19765
chr1	28052162	2064
chr12	46776544	19804
chr12	46777379	19804
chr12	46777451	19804
chr12	49182937	19912
chr12	49183420	19912,19913
chr12	49183440	19912,19913
chr12	49716791	20014
chr12	49716801	20014
chr12	49717005	20014
chr12	50418856	-1
chr1	28052174	2064
chr12	50419343	20115
chr12	50419349	20115
chr12	52208014	20248
chr12	52208262	20248
chr12	52208781	20249
chr12	52208807	20249
chr12	52476031	-1
chr12	53342930	20353,20355
chr12	53343622	20354,20355
chr12	53343639	20354,20355
chr1	32041060	2267,2268,2269
chr12	53573683	20402,20403,20405,20407
chr12	53574456	20403,20404,20405,20407
chr12	53574529	20403,20404,20405,20406,20407
chr12	53574868	20403,20404,20406,20407
chr12	53845761	20461
chr12	53845817	20461
chr12	53846322	-1
chr12	53846342	-1
chr12	53876694	20472
chr12	56321234	20635,20636
chr1	32041495	2267,2268,2269
chr12	56435698	20672
chr12	56435715	20672
chr12	56435916	20672
chr12	56472912	20673,20674
chr12	56473053	20673,20674
chr12	56473816	20673,20674
chr12	56474671	-1
chr12	56475161	-1
chr12	56498085	20687,20688
chr12	56498106	20687,20688
chr1	1335263	163
chr1	32042014	2267,2268,2269,2270
chr12	56498325	20687,20688
chr12	56583511	20726
chr12	56584131	20726,20727
chr12	56584146	20726,20727
chr12	56660768	20747,20748
chr12	56660779	20747,20748
chr12	56661312	20748
chr12	57119101	20841,20842
chr12	57119120	20841,20842
chr12	57119345	20841,20842
chr1	33225327	-1
chr12	57481987	20864,20865
chr12	57482325	20864,20865
chr12	57482956	20865,20866
chr12	57909919	20979
chr12	57910302	20979
chr12	57910816	-1
chr12	57916197	20982,20984
chr12	57916301	20984
chr12	57917012	20985
chr12	63328190	-1
chr1	33225822	-1
chr12	63328435	-1
chr12	63328964	21131
chr12	63328966	21131
chr12	65563916	21190
chr12	71833667	21354
chr12	76952907	21446,21448
chr12	76953475	21446,21447,21448
chr12	76953766	21446,21447,21448
chr12	81331485	21501,21502
chr12	90102031	21566,21568
chr1	33225855	-1
chr12	90102390	21566,21568,21569
chr12	90102981	21566,21567,21568,21569
chr12	92538600	21576,21577,21579
chr12	92539575	21577,21578,21579
chr12	93963885	21610,21612,21613
chr12	95867948	21665,21666
chr12	95867955	21665,21666
chr12	95868702	21666
chr12	108154486	21997
chr12	108155086	21997,21998
chr1	33501925	-1
chr12	108155099	21997,21998
chr12	108956620	22019,22020,22022,22024
chr12	109124535	22041
chr12	109125279	22041,22042
chr12	109125472	22041,22042
chr12	109126145	22041,22042
chr12	109490322	22059,22060
chr12	109490342	22059,22060
chr12	109491318	-1
chr12	109535195	22071,22072
chr1	33502591	2487
chr12	109535829	22072
chr12	109535838	22072
chr12	110151394	22127,22128
chr12	110151404	22127,22128
chr12	110152073	22128
chr12	110152078	22128
chr12	111180905	22237,22238
chr12	111180913	22237,22238
chr12	111181459	22237,22238
chr12	111842442	22250
chr1	33502609	2487
chr12	111842777	22250
chr12	111843390	22250
chr12	112546680	22308
chr12	112546691	22308
chr12	112547347	22308
chr12	113658973	22361,22362
chr12	113659774	22361
chr12	113659811	22361
chr12	115105924	22399
chr12	115106537	22399
chr1	36023325	2609,2611,2612,2613
chr12	115107247	-1
chr12	115121874	22407
chr12	115121898	22407
chr12	115122837	22407,22408
chr12	117483458	-1
chr12	118453960	22474
chr12	118454502	22474
chr12	118454510	22474
chr12	122064961	-1
chr12	122065819	-1
chr1	36023341	2609,2611,2612,2613
chr12	122238864	22755,22756
chr12	124017897	22948
chr12	124018750	22949
chr12	124018769	22949
chr12	125313452	-1
chr12	125314134	-1
chr12	125314140	-1
chr12	125394056	-1
chr12	125394951	-1
chr12	125394980	-1
chr1	36023542	2609,2611,2612,2613
chr12	125399251	23057,23059
chr12	125399261	23057,23059
chr12	125399461	23057,23059
chr12	125399995	23057,23059,23060
chr12	125401089	23059,23060
chr12	125401977	23061
chr12	125402015	23061
chr12	131356206	23108,23110,23111
chr13	20532767	23283
chr13	20532799	23283
chr1	1342697	165,166
chr1	38273887	2762,2764,2765
chr13	20533688	-1
chr13	20701981	-1
chr13	20702387	-1
chr13	20702937	-1
chr13	30423922	-1
chr13	30424554	23518
chr13	30424569	23518
chr13	49550482	23964
chr13	73301408	24176,24177
chr13	73301428	24176,24177
chr1	39324662	2791,2793,2794
chr13	73301893	24175,24176,24177
chr13	76056228	24212,24213
chr13	76210256	24223,24224
chr13	80913806	24284,24285,24286,24288
chr13	80914615	24284,24285,24286,24287
chr13	100631808	24523,24524
chr13	100631815	24523,24524
chr13	100632711	24523,24524,24525
chr13	111366482	24667,24670,24671,24673,24674,24675
chr13	111368058	24672,24674,24675
chr1	39325545	2792,2793,2794
chr13	111368064	24672,24674,24675
chr13	111368667	24672
chr13	113862582	24822,24823,24825
chr13	113863011	24822,24824,24825
chr13	113863056	24822,24824,24825
chr14	20923000	24930,24931,24932
chr14	20923008	24930,24931,24932
chr14	20923552	24930,24931,24932,24933,24934
chr14	20929010	24936
chr14	20929856	24936,24937
chr1	39325564	2792,2793,2794
chr14	20929873	24936,24937
chr14	21151781	24955
chr14	21152321	24955
chr14	21152340	24955
chr14	21737045	25051
chr14	21737707	25051,25052
chr14	21737727	25051,25052
chr14	21993802	25108,25109,25110,25111,25112
chr14	21994389	25110,25111,25112,25113
chr14	21994410	25110,25111,25112,25113
chr1	43147923	3049,3050,3051
chr14	21995096	25112,25113
chr14	21995225	25112,25113
chr14	23341044	25337,25338
chr14	23341066	25337,25338
chr14	23341940	25338
chr14	23398892	25362,25363,25364
chr14	23443534	25368,25369
chr14	23449127	-1
chr14	23449897	25376
chr14	23450126	25376,25379
chr1	43147926	3049,3050,3051
chr14	23450988	25376,25377,25379,25380
chr14	23451899	25376,25377,25378,25379,25380
chr14	23451919	25376,25377,25378,25379,25380
chr14	23452103	25377,25378,25380
chr14	23476079	-1
chr14	23476094	-1
chr14	23476282	25385
chr14	23564030	25411,25413
chr14	23564167	25412,25413
chr14	23564828	25412,25413,25414
chr1	43148784	3049,3051
chr14	23770046	25434,25436,25437
chr14	23770763	25435,25436,25437
chr14	23770774	25435,25436,25437
chr14	23790357	25446
chr14	23790375	25446
chr14	23790576	25446
chr14	24020418	25497
chr14	24021070	25497,25498
chr14	24021075	25497,25498
chr14	24052263	-1
chr1	43814327	-1
chr14	24053138	-1
chr14	24053193	-1
chr14	24078801	-1
chr14	24078816	-1
chr14	24079450	-1
chr14	24108166	25527,25528,25529,25530
chr14	24108977	25529,25530
chr14	24108990	25529,25530
chr14	24521080	25548
chr14	24521084	25548
chr1	43814334	-1
chr14	24521645	-1
chr14	24583317	25562,25563,25565
chr14	24584021	25563,25564,25565
chr14	24584029	25563,25564,25565
chr14	24615684	25581,25582,25583,25584,25586,25587
chr14	24701806	25630,25631,25632,25633,25634
chr14	24701812	25630,25631,25632,25633,25634
chr14	24702769	25630,25631,25634
chr14	24768396	25647,25649,25650
chr14	24768459	25647,25649,25650
chr1	43815296	-1
chr14	24768973	25648,25649,25650
chr14	24769033	25648,25649,25650
chr14	31676828	25817,25818
chr14	31676867	25817,25818
chr14	31677461	25817,25819
chr14	34931214	-1
chr14	34931679	25917
chr14	34931690	25917
chr14	35451719	25956,25957,25958
chr14	35452180	25956,25958
chr1	1342720	165,166
chr1	44441081	3205
chr14	35452200	25956,25958
chr14	35591091	25970,25972
chr14	35591660	25971,25972
chr14	35591726	25971,25972
chr14	35592496	25971,25973
chr14	35816296	-1
chr14	35816767	-1
chr14	35816829	-1
chr14	35873090	25981,25982,25983,25984
chr14	35873115	25981,25982,25983,25984
chr1	44820972	3234,3235
chr14	35873315	25982,25983,25984
chr14	39901549	26113,26114,26115
chr14	39902127	26113,26114
chr14	39902173	26113,26114
chr14	50234929	26174,26176,26177
chr14	50359993	26199,26202
chr14	50360006	26199,26200,26202
chr14	50360864	26200,26201,26202
chr14	54422861	26353
chr14	54423344	26354
chr1	44820984	3234,3235
chr14	54423361	26354
chr14	55738037	26432,26433
chr14	55738054	26432,26433
chr14	55738661	26433
chr14	60715754	26558
chr14	60715776	26558
chr14	60716666	26559
chr14	61447609	26581,26582,26583,26584
chr14	61447625	26581,26582,26583,26584
chr14	61447826	26581,26582,26583,26584
chr1	44821673	3234,3235
chr14	61448492	26581,26582,26584
chr14	64970482	26693,26695
chr14	64970497	26693,26695
chr14	64971433	26693,26694,26695
chr14	66974619	26755,26757
chr14	66974621	26755,26757
chr14	66975612	26756
chr14	69259006	26857,26858,26859,26860
chr14	69259010	26857,26858,26859,26860
chr14	69259837	26859,26860,26861
chr1	45139639	3258
chr14	69260591	26860,26861,26862,26864,26865
chr14	69260949	26861,26862,26864,26865
chr14	69261332	26861,26862,26863,26864,26865
chr14	69261715	26861,26862,26863,26864,26865
chr14	69262318	26863,26865
chr14	69290779	-1
chr14	69658217	26901,26902
chr14	69658229	26901,26902
chr14	69658732	26901
chr14	70233687	26941,26943,26944,26945
chr1	45140208	3257,3258
chr14	70234450	26942,26943,26944,26945,26946
chr14	70234461	26942,26943,26944,26945,26946
chr14	71374717	26993
chr14	74036632	27104
chr14	74225891	-1
chr14	75745152	27264,27265,27266
chr14	75745161	27264,27265,27266
chr14	75745585	27264,27265,27266,27267
chr14	78173818	27406,27407
chr14	78174389	27405,27406,27407
chr1	45140229	3257,3258
chr14	78174393	27405,27406,27407
chr14	93650844	27687,27688,27689,27691,27692
chr14	93650851	27687,27688,27689,27691,27692
chr14	93651779	27687,27688,27690,27692
chr14	95623222	27804,27806
chr14	95623946	27803,27804,27806
chr14	95623948	27803,27804,27806
chr14	100705159	27973,27974,27975
chr14	100705167	27973,27974,27975
chr14	100705723	27973,27975
chr1	45274508	3278,3280
chr14	103006326	-1
chr14	103011972	-1
chr14	103011987	-1
chr14	103012458	-1
chr14	103058461	28194,28195
chr14	103058479	28194,28195
chr14	103058665	28194,28195
chr14	104028379	28305,28306,28307,28310
chr14	104028966	28306,28308,28309,28310
chr14	104028972	28306,28308,28309,28310
chr1	45477786	3296,3297,3298,3299
chr14	104181878	28340,28341
chr14	104181897	28340,28341
chr14	104182847	28340
chr14	105155395	28388
chr14	105219440	28414
chr14	105219459	28414
chr14	105220247	-1
chr14	105487443	28480
chr14	105488185	28480
chr14	105488199	28480
chr1	45964780	3321,3323
chr14	105942441	28515,28518
chr15	25200463	28580
chr15	31384400	-1
chr15	31384978	-1
chr15	31385027	-1
chr15	38544170	28764,28766
chr15	38544190	28764,28766
chr15	38544407	28764,28766
chr15	39872587	28780,28781,28782
chr15	40400016	28828,28829
