chr1	28995695	2147
chr1	52869678	3620,3621
chr10	52384977	10468,10471
chr17	66453053	-1
chr17	74722595	42136,42138,42139
chr17	74722937	42136,42138,42139
chr17	74723351	42136,42138
chr17	79818609	42744,42745,42746
chr17	80188931	42879
chr18	3596012	-1
chr18	32558312	43647,43649
chr19	507415	44322
chr19	1269291	44524,44526
chr10	74080601	-1
chr19	1269693	44526
chr19	1270125	44525,44526
chr19	15490161	46301
chr19	18263863	46601
chr19	18699540	46694,46695
chr19	46087289	-1
chr19	46087635	-1
chr19	46088224	48339
chr19	50180113	48963
chr19	50380003	49018,49019,49020,49022,49023
chr10	105880993	12423,12424,12425
chr19	56165713	49594,49596
chr19	56166400	49595,49596
chr2	11483987	50271
chr2	11484951	50269,50270,50271,50272
chr2	55458851	52042
chr2	55459523	52040,52041,52042
chr2	55459736	52040,52041,52042
chr2	61244832	52169,52170,52171,52173
chr2	65454769	52447,52448,52450
chr2	65455334	52447,52449,52450
chr10	105881518	12424,12425
chr2	65455534	52447,52449
chr2	85645856	53199
chr2	96926803	-1
chr2	99757937	53731,53732,53733,53734
chr2	114647646	54308,54309
chr2	114648197	54308
chr2	114648612	54308
chr2	162017513	55400
chr2	174830682	55905,55907,55908
chr2	201982167	56877,56878,56879,56880
chr10	105881875	12424,12425
chr2	208490114	57199,57200
chr2	208490747	57199,57200
chr20	2505639	59155
chr20	3189560	59260,59261
chr20	3190129	59261
chr20	3190330	59261
chr20	10415313	59639,59640,59641
chr20	10521989	-1
chr20	17661227	59779,59781
chr20	30311451	60201,60202,60203
chr11	560700	13273,13274,13275
chr20	32580975	60413,60415
chr20	32581578	60413,60414,60415
chr20	35806800	60769,60770
chr20	35807369	60770
chr20	35807687	60770
chr20	47537710	61525
chr20	49016862	-1
chr20	58515403	62016,62017,62018,62020
chr20	62586989	-1
chr20	62587384	-1
chr11	2753038	-1
chr20	62587834	62448
chr22	36877323	64937
chr22	36877691	64937,64938
chr22	36878134	64937,64938,64939
chr22	39150556	65244
chr22	40440694	65348,65349
chr3	9438338	66276,66279
chr3	9438827	66276,66277,66279
chr3	9439250	66276,66277,66278,66279
chr3	9834142	66325,66326,66327,66328
chr11	47291119	14928,14929
chr3	9834756	66325,66326,66328
chr3	9835134	66326
chr3	49059078	67811,67813,67814,67815
chr3	50388338	68079,68080,68081,68082,68083,68084
chr3	50388543	68079,68080,68081,68083,68084
chr3	50389069	68080,68081,68083
chr3	134203982	70112,70113,70115
chr3	134204558	70113,70115
chr3	134204898	70114,70115
chr3	156878001	70643
chr11	57435673	15079,15080
chr3	169490492	70773,70774,70775,70776,70777
chr4	140004919	74009,74010
chr4	186124671	74626
chr5	43041075	75501,75502,75503,75504
chr5	95997914	76462,76463
chr5	96270941	76501,76502,76503,76505
chr5	131831989	-1
chr5	137799899	77320,77321
chr5	137800359	77320,77321
chr5	137800772	77320,77321,77323
chr11	58346384	15127,15129
chr5	137801094	77321,77323
chr5	171615224	78386
chr5	180650266	78909,78910
chr5	180670923	78918,78919
chr5	180671431	78919,78920
chr5	180671890	78919,78920,78921
chr6	3410937	-1
chr6	26104300	79851
chr6	26312831	-1
chr6	30688672	80277,80278
chr1	113162333	5076,5077,5078
chr11	64073010	15687,15688,15689,15690
chr6	31706574	80480,80481,80482,80483
chr6	31707237	80481,80482,80483
chr6	31707446	80482,80483
chr6	37787543	81227,81228,81229
chr6	43597135	81722,81723
chr6	44214797	81780,81782,81783,81784,81785
chr6	132834286	83469
chr6	160210813	84474,84475,84476,84478,84479
chr7	5569400	85269,85270
chr7	5569606	85269,85270
chr11	65624748	16037,16038,16039,16040,16041,16042
chr7	5570392	85270,85271
chr7	99699167	87386,87388,87389,87390
chr7	100025959	87442,87443,87445,87446
chr7	100026343	87442,87444,87445,87446
chr7	100026905	87442,87444,87446,87447
chr7	100166379	-1
chr7	100167257	-1
chr7	127031881	88201,88204
chr7	127032297	88202,88204
chr7	127032780	88202,88203,88204
chr11	75273823	16923
chr8	27630910	90271,90272
chr8	145159251	92471,92473,92474,92476,92477
chr9	136581091	-1
chrX	2547830	-1
chrX	2548215	-1
chrX	2548647	-1
chrX	2549145	-1
chrX	2549832	-1
chrX	2550215	-1
chrX	2550497	-1
chr11	82867998	17133,17134
chrX	40035789	96873
chrX	153192873	97762,97763
chr12	46121772	19738,19739,19742
chr12	69724992	21300
chr12	89777685	-1
chr12	125401861	23061
chr13	28534555	-1
chr13	28534985	23481
chr1	155293698	6177,6179,6180,6182,6183,6184,6185
chr13	28535369	23481
chr14	24583407	25562,25563,25565
chr14	24583843	25563,25565
chr14	24584042	25563,25564,25565
chr14	24739865	25640,25641,25642
chr14	24740448	25640,25641,25642
chr14	24740864	25640,25641,25643
chr14	24768670	25649,25650
chr14	24769043	25648,25649,25650
chr14	24769389	25648,25650
chr1	155294344	6177,6179,6181,6182,6183,6184,6185
chr14	35591312	25971,25972
chr14	35591512	25971,25972
chr14	35591714	25971,25972
chr14	54820174	-1
chr14	102552909	28141,28142,28143,28144
chr14	102553452	28142,28143,28145
chr14	102553863	28143,28145,28146
chr15	59157971	-1
chr15	63796040	29919,29920
chr15	65596318	-1
chr1	214453876	8323
chr15	65596776	-1
chr15	65597176	-1
chr15	85524591	31042
chr16	126899	31633,31634,31635
chr16	127729	31633,31635,31636,31637
chr16	11836729	32742
chr16	18937120	-1
chr16	18937594	33020
chr16	18938026	33020
chr16	23652763	33321,33322
chr1	214454447	8323
chr16	23653310	33321
chr16	23653512	33321
chr16	28834399	33548,33549,33552
chr16	30933917	33898,33899,33901,33902
chr16	31044761	33930
chr16	31085100	33940,33941,33942,33943,33945
chr16	54209534	-1
chr16	54209915	-1
chr16	54210462	-1
chr16	58663873	34761,34762
chr1	214454842	-1
chr17	1619905	36707,36708,36709
chr17	1620459	36707,36708
chr17	1620869	36707,36708
chr17	2304437	36827
chr17	2305000	36827
chr17	2305424	36827
chr17	4850953	37061,37062,37066
chr17	4851317	37062,37063,37066
chr17	4851867	37062,37063,37064,37066,37068
chr17	7387216	37375
chr10	14880877	9716,9718
chr17	7387745	37374,37375
chr17	7388210	37374,37376
chr17	7589978	37462,37463,37465,37466
chr17	7590865	37462,37464,37465,37466,37467
chr17	8023546	37534
chr17	8124828	-1
chr17	8125533	-1
chr17	8126043	-1
chr17	18908168	38010,38011,38012
chr17	27071510	-1
chr10	52384365	10467,10468,10469,10470
chr17	39845555	39271,39272,39273,39275
chr17	41006553	39558,39559
chr17	41622022	39626,39627,39629
chr17	43225226	39887,39889,39890
chr17	43225887	39887,39888,39889,39890,39891
chr17	55939492	40763,40764
chr17	61920135	41245
chr17	61920549	41245
chr17	61921070	41245
chr17	62502397	41300,41301,41302
