chr16	85549864	-1
chr17	1639912	36720
chr20	62587289	-1
chr20	62587376	-1
chr20	62587915	62448
chr22	29976454	-1
chr22	29977274	64497
chr22	29977282	64497
chr3	52016634	68182
chr3	52017508	68181,68182
chr3	52017526	68181,68182
chr6	41487826	81394
chr17	1640340	36720
chr6	41488071	81394
chr6	41488088	81394
chr6	160114249	84443,84444,84445,84446
chr6	160114860	84444,84445
chr6	160114875	84444,84445
chr9	133326084	95764
chr9	133327021	95764
chr9	133327040	95764
chr17	1640360	36720
chr2	176045717	55977,55978,55980
chr2	176046500	55978,55979,55980
chr2	176046523	55978,55979,55980
chr20	48754860	-1
chr20	48754880	-1
chr20	48755705	-1
