chr1	145039727	5398,5399,5400
chr1	145040034	5398,5399,5400
chr11	8289921	-1
chr2	193061039	56622,56623,56624
chr2	223185379	57898,57899,57901
chr2	223185698	57899
chr2	223185901	-1
chr20	20349838	-1
chr20	20350467	-1
chr20	20350721	-1
chr20	21488336	-1
chr20	21488538	-1
chr20	21488816	-1
chr11	8290435	13836
chr20	44941600	-1
chr20	44941806	-1
chr20	44942033	-1
chr20	56260155	-1
chr20	56260379	-1
chr20	56260578	-1
chr20	61148075	62154
chr20	61148323	62154
chr20	61148524	62154
chr20	61149198	62154,62155
chr11	64067458	15685,15686
chr20	61675217	-1
chr20	61675442	-1
chr20	61675644	-1
chr20	61892493	-1
chr20	61892696	-1
chr20	61892899	62264
chr6	1608383	78980,78981
chr6	1608593	78980,78981
chr6	1609073	78980,78981,78982
chr6	13924864	79507
chr11	64067732	15685,15686
chr6	43211702	81636
chr6	43211990	81636
chr6	43212196	81636
chr6	116858018	-1
chr6	116858257	-1
chr6	116858493	-1
chr6	150920868	84062,84063
chr6	152957776	84169
chr6	152957985	84169,84170
chr6	152958189	84169,84170
chr11	64067931	15685,15686
chr6	167041596	84693,84694
chr6	167041830	84693,84694
chr6	167042041	84693,84694
chr7	1329180	-1
chr7	1329562	-1
chr7	1329848	-1
chr9	126771357	-1
chr9	126771585	95085
chr9	126771800	95085
chr12	26278525	19487
chr12	63545383	21133
chr12	63545660	21133
chr12	63545859	21133
chr13	100635513	24526,24528
chr1	145040272	5398,5399,5400
chr13	100635739	24526,24528
chr13	100635939	24526,24528,24529
chr14	23833941	25461
chr14	23834869	-1
chr14	33404352	25885
chr14	33404588	-1
chr14	33404788	-1
chr14	36990438	26019,26020
chr14	37125656	26025
chr14	37125904	26025
chr1	218337934	8357
chr14	37126108	26025
chr15	66545323	-1
chr15	66545525	-1
chr15	66545727	-1
chr16	3079450	32253
chr16	3079803	32253
chr16	3080025	32253
chr16	58496773	34705,34706
chr16	58496972	34705,34706
chr16	58497178	34705,34706,34707
chr1	218338889	-1
chr16	85932281	36116
chr16	85932480	36116
chr16	85932711	36116
chr16	86542921	36135,36136,36137
chr16	86543143	36135,36136,36137,36138
chr16	86543345	36135,36136,36137,36138
chr16	87635029	36189
chr16	87635230	36189
chr16	87635438	36189
chr16	88462813	-1
chr10	28032636	10005
chr16	88463354	-1
chr16	88463690	-1
chr16	88706433	-1
chr16	88706678	-1
chr16	88706950	-1
chr16	89033906	-1
chr16	89034138	-1
chr16	89034387	-1
chr16	89238868	-1
chr16	89239069	-1
chr10	28032912	10005
chr16	89239268	-1
chr17	37755593	-1
chr17	37755792	-1
chr17	37756035	-1
chr17	41985188	39654,39655
chr17	41985422	39654,39655
chr17	41985679	39654,39655
chr17	46647872	-1
chr17	46648247	-1
chr17	46648461	-1
chr10	28033112	10005
chr17	46671529	40241,40242
chr17	46671842	40242
chr17	46672042	40242
chr17	47574400	40356
chr17	47574756	40356
chr17	47575009	40356,40358
chr17	47575254	40356,40358
chr17	77772752	42441,42442
chr17	77773401	42442
chr17	77773712	42442
chr10	102989696	12129
chr17	79317165	-1
chr17	79317423	-1
chr17	79317737	-1
chr2	68870536	-1
chr2	68870753	-1
chr2	68871032	52534
chr2	119532123	-1
chr2	119532322	-1
chr2	119532534	-1
chr2	166649874	-1
chr11	8289450	-1
chr2	166650189	-1
chr2	166650393	-1
chr2	176973925	56005
chr2	176974176	56005
chr2	176974393	56005
chr2	177502325	56034,56035
chr2	177502614	56034,56035,56036
chr2	177502932	56034,56036
chr2	193060541	56622,56623,56624
chr2	193060813	56622,56623,56624
