chr1	2186948	-1
chr1	2187433	-1
chr10	64564260	10607
chr6	31515306	80403,80405,80406
chr6	33167832	80757,80758,80760,80761
chr6	33168199	80757,80758,80759,80760,80761,80762
chr6	33168611	80759,80760,80761,80762
chr6	44214808	81780,81782,81783,81784,81785
chr6	44215256	81780,81783,81784,81785
chr6	44215659	81780,81784,81785,81786
chr7	32930904	85880
chr7	32931322	85879,85880
chr7	32931789	85879,85880
chr10	64564466	10607
chr7	99699088	87386,87388,87389,87390
chr7	127031909	88201,88204
chr7	127032321	88202,88204
chr7	127032803	88202,88203,88204
chr8	82754401	91153,91154,91155
chr8	82754855	91155
chr8	82755056	91155
chr9	74526050	93596,93597,93598
chr9	139378356	96288,96290,96291,96292
chrX	2549172	-1
chr10	64564672	10607
chr10	104154490	12256,12257,12258
chr10	104180945	12269,12272,12273
chr10	104181178	12269,12273,12274
chr10	104181804	12274
chr11	59382758	-1
chr11	59383227	15169
chr11	59383426	15169,15170
chr1	2187634	-1
chr11	64008995	15658,15659,15660
chr11	65624760	16037,16038,16039,16040,16041,16042
chr12	8179027	-1
chr12	8179263	-1
chr12	8179736	-1
chr13	113863918	24822,24824,24825
chr14	39901695	26113,26114,26115
chr14	96968438	27887,27888,27889
chr14	96968644	27887,27888,27889
chr14	96969157	27887,27889
chr1	24126893	1717,1718
chr14	103006491	-1
chr14	104029012	28306,28308,28309,28310
chr14	104029250	28306,28308,28309,28310
chr14	104029450	28308,28309,28310
chr15	75746893	-1
chr16	2317864	32119,32120,32123
chr16	2318119	32119,32120,32121,32123
chr16	2318581	32119,32120,32121,32122,32123
chr16	11836804	32742
chr16	31085097	33940,33941,33942,33943,33945
chr1	33116181	2420,2422,2423
chr17	4850847	37061,37062,37066
chr17	4851304	37062,37063,37066
chr17	4851806	37062,37063,37064,37066,37068
chr17	4852380	37062,37063,37064,37065,37066,37068
chr17	7589994	37462,37463,37465,37466
chr17	7590910	37462,37464,37465,37466,37467
chr17	40539937	-1
chr17	40540479	39416
chr17	40540758	39416
chr17	45727265	40129,40130
chr1	33116667	2420,2421,2422,2423
chr17	48229148	40443,40444,40445
chr17	61904506	41229,41230,41231,41232,41234,41235
chr17	61904748	41230,41231,41232,41234,41235
chr17	61904970	41231,41232,41233,41234,41235
chr17	74733585	42144,42147,42148,42150
chr17	79669588	42726,42727
chr19	507464	44322
chr19	18699622	46694,46695
chr19	18699821	46695
chr19	18700411	46695
chr1	33116866	2420,2421,2422,2423
chr19	45394460	48213,48214,48215
chr19	48672988	48657
chr19	48673673	48655,48656,48657
chr19	48673904	48655,48656,48657
chr19	54663249	49376,49378
chr19	54663469	49376,49377,49378
chr19	54663732	49376,49377,49378
chr19	56165721	49594,49596
chr19	56166407	49595,49596
chr2	73511240	52847
chr1	40506374	2899
chr2	136288150	54868,54870
chr2	136288408	54868,54870
chr2	136289068	54868,54869,54870
chr2	174829561	55904,55905,55906
chr2	201676293	56821,56823,56825,56826,56827
chr2	201676566	56822,56823,56825,56826,56827
chr2	201677220	56822,56824,56825,56826,56827
chr2	220436202	57853,57854,57855,57856
chr2	230786962	58127,58128
chr20	10414426	59638,59641
chr1	113162376	5076,5077,5078
chr20	10414891	59639,59641
chr20	10415299	59639,59640,59641
chr20	26189300	60158
chr20	32581724	60413,60414,60415
chr20	49575104	61711,61712
chr20	49575372	61711,61712
chr20	49575572	61711,61712
chr20	62496575	62417,62418,62419
chr22	40440710	65348,65349
chr3	9438354	66276,66279
chr1	193028623	7447,7448,7449
chr3	9438838	66276,66277,66279
chr3	9439278	66276,66277,66278,66279
chr3	38206541	67132,67133,67134
chr3	38206740	67132,67133,67134
chr3	38206990	67132,67134
chr4	103748045	73665,73666,73667,73669
chr4	103748780	73666,73667,73668,73669
chr4	103748998	73667,73668,73669
chr4	140004879	74009
chr5	180650254	78909,78910
