chr1	145396941	-1
chr1	145396960	-1
chr1	167684787	-1
chr17	47269912	-1
chr17	73030610	-1
chr17	73031210	-1
chr17	73031228	-1
chr19	4724072	45074,45076
chr19	4724095	45074,45076
chr19	4724679	45074,45076,45077
chr19	4724699	45074,45076,45077
chr19	14628751	46227,46229
chr19	14629235	46227,46228,46229
chr1	167684812	-1
chr19	14629237	46227,46228,46229
chr2	27273673	50844
chr2	27273695	50844
chr2	27274145	50844,50845
chr2	73460724	52821,52822
chr2	73461399	52821,52822
chr2	73461418	52821,52822
chr22	47331888	-1
chr22	47331895	-1
chr22	47332342	-1
chr1	204475684	-1
chr5	180615478	-1
chr6	26311455	-1
chr6	26311980	-1
chr6	26312016	-1
chr6	26312838	-1
chr6	26313351	-1
chr6	26313385	-1
chr6	26327869	-1
chr6	26327895	-1
chr6	26328364	-1
chr1	204476211	-1
chr6	26328395	-1
chr6	26537724	79913
chr6	26537742	79913
chr6	26538302	79913
chr6	26553719	-1
chr6	26553740	-1
chr6	26554385	-1
chr6	26554423	-1
chr6	27446658	-1
chr6	27446677	-1
chr1	204476230	-1
chr6	27447453	-1
chr6	27447480	-1
chr6	27559648	-1
chr6	27559668	-1
chr6	27560609	-1
chr6	27560643	-1
chr6	27870295	-1
chr6	27870740	-1
chr6	27870755	-1
chr6	28908869	-1
chr11	59318091	-1
chr6	28908871	-1
chr6	28909425	-1
chr6	28911453	-1
chr6	28911476	-1
chr6	28912348	-1
chr6	28912370	-1
chr6	31782622	80510,80511,80513,80514
chr6	31783156	80510,80511,80513,80514,80515
chr6	31783204	80510,80511,80513,80514,80515
chr6	44214199	81780,81781,81782,81783,81784
chr11	59318098	-1
chr6	44214210	81780,81781,81782,81783,81784
chr6	44214789	81780,81782,81783,81784,81785
chr8	67025619	-1
chr8	67025641	-1
chr8	67026424	-1
chr9	33025094	93045,93046,93047,93048,93049
chr9	33025192	93045,93046,93047,93048,93049
chr9	33025295	93045,93046,93047,93048,93049
chr11	59318547	-1
chr11	65189788	15903
chr11	65189799	15903
chr1	145397863	-1
chr11	65190228	15902,15903
chr12	93528808	-1
chr12	93529182	-1
chr12	93529197	-1
chr12	98897298	-1
chr12	98897317	-1
chr12	98898046	21706
chr12	125399282	23057,23059
chr12	125399286	23057,23059
chr12	125399914	23057,23059,23060
chr1	145397901	-1
chr12	125401803	23060,23061
chr12	125401854	23061
chr12	125402234	23061
chr12	125411933	-1
chr12	125412463	-1
chr12	125412472	-1
chr12	125424156	-1
chr12	125424526	-1
chr12	125424546	-1
chr13	45492115	-1
chr1	161500130	-1
chr13	45492145	-1
chr13	45492707	-1
chr14	21077540	-1
chr14	21077569	-1
chr14	21078355	-1
chr14	21078374	-1
chr14	21081538	-1
chr14	21081963	-1
chr14	21081993	-1
chr14	21098627	-1
chr1	161500177	-1
chr14	21099335	-1
chr14	21099352	-1
chr14	21151483	24955
chr14	21151503	24955
chr14	21152193	24955
chr15	45492601	-1
chr15	45492621	-1
chr15	45493406	29316
chr15	45493412	29316
chr16	3241516	-1
chr1	161500951	-1
chr16	3241539	-1
chr16	3241973	-1
chr16	57333929	-1
chr16	57334457	-1
chr16	57334476	-1
chr16	85341200	-1
chr16	85341595	-1
chr16	85341611	-1
chr17	8022481	37534
chr17	8022500	37534
chr1	161500974	-1
chr17	8023094	37534
chr17	8023630	37534
chr17	8023646	-1
chr17	8024260	-1
chr17	8042191	-1
chr17	8042209	-1
chr17	8042806	-1
chr17	8089675	-1
chr17	8090244	-1
chr17	8090269	37556
chr1	167683950	-1
chr17	8090996	37556
chr17	8124261	-1
chr17	8124264	-1
chr17	8124861	-1
chr17	8124883	-1
chr17	8125607	-1
chr17	8125625	-1
chr17	8126242	37562
chr17	8129553	-1
chr17	8129623	-1
chr1	167683967	-1
chr17	8130309	-1
chr17	37310044	38914,38915
chr17	37310062	38914,38915
chr17	37310734	38914,38915
chr17	37310792	38914,38915
chr17	44012735	-1
chr17	44013453	-1
chr17	44013472	-1
chr17	47269450	-1
chr17	47269895	-1
