chr1	150601690	5635,5636,5638
chr1	150601697	5635,5636,5638
chr14	24583490	25562,25563,25565
chr14	24584323	25564,25565,25566
chr14	24584352	25564,25565,25566
chr16	57769269	34646,34647
chr16	57769313	34646,34647
chr16	57769468	34646,34647
chr17	1619707	36707,36708,36709
chr17	1620506	36707,36708
chr17	1620509	36707,36708
chr19	4471694	45040
chr1	150602218	5636,5637,5638
chr19	4472076	45040
chr19	4472115	45040
chr19	6425051	45263
chr19	6425064	45263
chr19	6425393	45263
chr19	39340731	47604
chr19	39341096	47604
chr19	39341112	47604
chr19	42773033	48025
chr19	42773065	48025
chr12	6960486	18973,18975
chr19	42773360	48025
chr19	54640850	49365
chr19	54641263	49365
chr19	54641283	49365
chr2	44395206	51632
chr2	44395599	51632
chr2	44395620	51632
chr12	6960574	18973,18975
chr12	6961167	18973,18974,18975
chr12	54673573	20548,20549
chr12	54673618	20548,20549
chr12	54674400	20547,20548,20549,20550
chr12	54674419	20547,20548,20549,20550
