chr1	161193332	6693,6694,6695
chr11	2150346	13531,13532
chr14	24682915	25624,25625,25626
chr14	24683265	25625,25626,25627
chr14	31091213	25770
chr14	31091414	25770
chr14	31091619	25770
chr17	57920782	-1
chr17	57920995	-1
chr17	57921728	-1
chr2	61244711	52169,52170,52171,52173
chr2	62796548	-1
chr11	2151225	13531
chr2	113402054	54211
chr2	113402453	54211,54213
chr2	113402732	54211,54213
chr2	191885081	56583
chr2	191885509	56583
chr2	191885782	56583
chr2	198300042	56703
chr2	228682965	-1
chr2	228683328	-1
chr2	228683689	-1
chr14	21151523	24955
chr20	30307968	-1
chr20	30308167	-1
chr20	30308895	-1
chr4	74272335	73112
chr4	74280156	73118,73119
chr4	74282318	73121,73122
chr4	74287537	73128
chr4	74314446	73136
chr4	74314710	73136
chr4	74315115	73136
chr14	21151738	24955
chr6	26216815	79869,79870
chr6	26217188	79869,79870
chr6	26217449	79869
chr6	44042389	81751
chr6	138131826	-1
chr6	138132257	-1
chr6	138132658	-1
chr14	21152130	24955
chr14	24078828	-1
chr14	24079033	-1
chr14	24079325	-1
chr14	24682564	25624,25625,25626
