chr1	48332802	-1
chr1	48333256	-1
chr1	173793939	7037,7038,7039,7040
chr2	20784957	-1
chr2	20785274	-1
chr2	21266031	50548
chr2	38147043	-1
chr2	38724597	-1
chr2	38724796	-1
chr2	38725014	-1
chr2	43155591	-1
chr2	43155958	-1
chr2	43156462	-1
chr10	30831319	-1
chr2	96926512	-1
chr2	102313252	53879
chr2	102313459	53879
chr2	102313708	53879
chr2	138700499	-1
chr2	138700983	-1
chr2	138701185	-1
chr2	162016603	55399
chr2	162016983	55399
chr2	162017497	55400
chr10	30831518	-1
chr2	165599404	-1
chr2	165599604	-1
chr2	165599886	-1
chr2	166990942	-1
chr2	166991145	-1
chr2	166991919	-1
chr2	204515709	-1
chr2	235584938	-1
chr2	235585250	-1
chr2	235585688	-1
chr10	30831719	-1
chr2	238499362	58549,58551
chr2	238499586	58549,58550,58551
chr2	238499786	58549,58550,58551
chr2	238503314	58552
chr2	238503604	58552
chr2	238503808	58552
chr2	241796242	-1
chr2	241797017	-1
chr2	241797236	-1
chr2	242641020	58923,58924,58926,58928
chr10	33485009	-1
chr20	30192186	60192,60193
chr20	30192387	60192,60193
chr20	30193139	60193
chr20	30307814	-1
chr20	30308014	-1
chr20	30308706	-1
chr20	32995942	-1
chr20	32996142	-1
chr20	32996345	-1
chr20	48921857	-1
chr10	51575550	10438
chr20	48922216	-1
chr20	48922595	-1
chr20	52749605	-1
chr20	52749830	-1
chr20	52750033	-1
chr22	37429077	-1
chr3	49058993	67811,67813,67814,67815
chr3	49059222	67811,67813,67814,67815
chr3	49059439	67811,67813,67815,67816
chr3	124553876	-1
chr10	70660728	10726
chr3	145879179	70381
chr3	145879457	70381
chr3	145879688	70381
chr3	194885780	-1
chr4	74298039	-1
chr4	74298241	-1
chr4	74298447	-1
chr5	59967934	-1
chr5	59968373	-1
chr5	59968828	-1
chr10	70660929	10726
chr5	180614742	-1
chr5	180614966	-1
chr5	180615512	-1
chr5	180615832	-1
chr6	26104139	79851
chr6	26104344	79851
chr6	26105122	-1
chr6	26123481	79854,79855
chr6	26327922	-1
chr6	26328123	-1
chr10	70661134	10726
chr6	26328346	-1
chr6	27791845	79977,79978
chr6	27792046	79977,79978
chr6	27792254	79978
chr6	28072465	-1
chr6	28072704	-1
chr6	28072906	-1
chr6	30524535	80225,80227,80228,80230
chr6	30584991	80241,80242,80243
chr6	30585415	80241,80242,80243
chr10	102133195	12050
chr6	30585760	80241,80242,80243
chr6	30749790	-1
chr6	30750063	-1
chr6	30750267	-1
chr6	32145462	80649,80650,80651,80653,80654
chr6	32145820	80649,80650,80651,80652,80653,80654
chr6	32146219	80650,80651,80652,80653,80654,80655
chr6	37070770	-1
chr6	37070971	-1
chr6	37071222	-1
chr1	48333565	-1
chr10	102133406	12050
chr6	64224080	-1
chr6	64224420	-1
chr6	64224621	82240
chr6	123112329	83191
chr6	131136593	-1
chr6	131136792	-1
chr6	131137005	-1
chr6	133135336	83492,83493
chr6	139696720	83742
chr6	143771049	83812
chr10	102133621	-1
chr6	143771361	83812
chr6	143771892	83811,83812
chr7	55256100	-1
chr7	55256392	-1
chr7	55256595	86381
chr7	100026196	87442,87443,87444,87445,87446
chr7	100026397	87442,87444,87445,87446
chr7	100026605	87442,87444,87445,87446,87447
chr7	100027118	87442,87444,87446,87447
chr8	9639195	-1
chr11	65381964	15985,15986,15988,15990
chr8	13133122	-1
chr8	121840006	-1
chr8	121840211	-1
chr8	121840414	-1
chr8	134388185	-1
chr8	134389137	-1
chr12	6960497	18973,18975
chr12	6960699	18973,18975
chr12	6960948	18973,18974,18975
chr12	54674215	20547,20548,20549,20550
chr12	69201887	21280,21281,21282
chr12	69202781	21282
chr12	98897329	-1
chr1	150382496	-1
chr12	98897563	21706
chr12	98898055	21706
chr14	23563973	25411,25413
chr14	23564284	25412,25413
chr14	23564545	25412,25413
chr14	23564812	25412,25413,25414
chr14	24776420	25654,25656,25657
chr14	24777203	25655,25656,25657
chr14	24777404	25655,25656,25657,25658
chr14	34966258	-1
chr1	154909149	6041
chr14	34966972	-1
chr14	34967173	-1
chr14	39901517	26113,26114,26115
chr14	39901931	26113,26114,26115
chr14	39902255	26113,26114
chr15	45492589	-1
chr15	45492987	-1
chr15	45493422	29316
chr16	12010175	32782
chr16	12010461	32782,32783
chr1	154909348	6041
chr16	12010660	32782,32783
chr16	12305489	-1
chr16	12305690	-1
chr16	12305901	-1
chr16	30669422	33829,33830
chr16	30669883	33829,33830
chr16	30670244	33830
chr16	81490710	-1
chr16	81491194	-1
chr16	81491588	35867
chr1	154909551	6041
chr16	85549736	-1
chr16	85558303	-1
chr16	85558510	-1
chr16	85558713	-1
chr16	88554481	-1
chr16	88554690	-1
chr16	88554900	-1
chr16	90061260	-1
chr16	90061573	-1
chr16	90061774	-1
chr1	154946236	6065,6067
chr16	90062092	-1
chr17	7476169	37412,37413,37414,37415,37416
chr17	8042199	-1
chr17	8042423	-1
chr17	8042626	-1
chr17	8090169	-1
chr17	8090572	37556
chr17	8091004	37556
chr17	38084017	39025,39026,39027,39028
chr17	41322412	39600
chr1	173793529	7037,7038,7039
chr17	41622278	39626,39627,39629
chr17	43225488	39887,39888,39889,39890,39891
chr17	43225871	39887,39888,39889,39890,39891
chr17	43226202	39887,39888,39890,39891
chr17	57696645	40917
chr17	57697131	40915,40916,40917
chr17	57697331	40915,40916,40917
chr17	80198463	42888
chr17	80198666	42888
chr17	80199430	42888
chr1	173793728	7037,7038,7039
chr17	80199639	-1
chr18	68044292	-1
chr18	68044494	-1
chr18	68044697	-1
chr19	1097977	-1
chr19	1098449	-1
chr19	1098768	-1
chr19	50179814	48963
chr2	20784486	-1
chr2	20784749	-1
