chr1	936306	28,29,30,32,33
chr1	1243429	124,125,126,127,128,129
chr1	8258089	-1
chr1	144932453	5383,5385
chr19	1101986	-1
chr19	1383834	44552
chr19	1592342	44619
chr19	1864257	44658,44660
chr19	2163795	44724
chr19	2427573	44768
chr19	2543803	-1
chr19	2546463	-1
chr19	2576170	44785
chr19	2577124	-1
chr1	146714771	-1
chr19	3185870	44859,44860
chr19	4065144	44981
chr19	4246938	45001
chr19	4670359	45065
chr19	5341049	45132,45133
chr19	5690276	45164,45165
chr19	5720220	45174,45175,45176
chr19	5720728	45174,45175,45176
chr19	5790833	45181,45182,45183
chr19	6753623	-1
chr1	150039379	5560,5561,5563
chr19	7295010	45336
chr19	8008536	45452,45453
chr19	8008958	45452,45453
chr19	9732170	45571,45572,45573
chr19	9879426	45578
chr19	9895525	-1
chr19	10217076	45610,45611
chr19	10443336	45671,45673
chr19	10491559	45680,45681
chr19	10613590	45708
chr1	150954557	5670,5671
chr19	10614062	45708
chr19	10676639	45721,45722
chr19	10947211	45789
chr19	11253409	-1
chr19	12833506	46029,46030,46031
chr19	12834783	46031,46032
chr19	13056626	46084
chr19	13096271	46091
chr19	13261229	46118,46119,46120,46121
chr19	13263051	46118,46122
chr1	153581422	5832,5833
chr19	15236534	46263,46264
chr19	17358851	-1
chr19	17580311	46516,46517
chr19	19030580	46766,46767
chr19	19144661	46789,46790,46791
chr19	19145245	46789,46791
chr19	30433032	47003
chr19	30433695	-1
chr19	32896531	47027,47028,47029
chr19	32896953	47027,47029
chr1	153643448	5863,5864
chr19	33793679	47086,47087,47088
chr19	35492016	47201
chr19	36303942	47340
chr19	36547246	47385,47386
chr19	36605857	47393,47394,47396,47397
chr19	36706098	47413,47415,47416,47417
chr19	36980479	47428
chr19	39340032	-1
chr19	39342584	-1
chr19	40337015	47718
chr1	154193123	5954,5955,5957,5958,5959
chr19	41256394	47832,47833,47834,47835
chr19	41257121	47832,47833,47835
chr19	41304147	47847
chr19	41770251	47869
chr19	45348988	48207,48209
chr19	45394510	48213,48214,48215
chr19	45549041	-1
chr19	45681679	48267,48268,48269,48271,48272
chr19	45776510	-1
chr19	45909885	48313,48314,48315
chr1	154600482	6032,6033
chr19	46144823	48344
chr19	46195164	48351,48352
chr19	46195968	48351,48352
chr19	46498381	48408
chr19	46850332	48428
chr19	46850769	-1
chr19	47290196	48510,48511
chr19	47615491	48542,48543
chr19	48281991	48629,48630
chr19	48949258	48700
chr1	154909057	-1
chr19	49310552	48770,48771
chr19	49464800	-1
chr19	49465565	-1
chr19	49467194	48802,48803
chr19	49497165	48812,48813,48814,48815
chr19	50180834	-1
chr19	50379886	49018,49019,49020,49022,49023
chr19	50433111	49034,49036,49038,49039
chr19	51843421	49157,49158,49159
chr19	51868946	-1
chr1	154973351	6073
chr19	52642101	-1
chr19	55727901	49491
chr19	56154925	49590
chr19	57467383	-1
chr19	58892127	-1
chr19	58898127	49838,49839
chr19	58898640	49839
chr19	59055945	49872,49874,49875,49876
chr19	59071094	49887
chr2	676777	49923,49924,49925,49927
chr1	10003475	749,750,751,752
chr1	154990139	6079
chr2	677412	49923,49924,49926,49927
chr2	3584019	-1
chr2	3605917	50026,50027
chr2	3606280	50026,50027
chr2	7237578	-1
chr2	8825279	-1
chr2	9563605	50137,50138
chr2	10260416	-1
chr2	10260842	50186
chr2	10441423	50194
chr1	155098730	6099,6100
chr2	10506172	-1
chr2	10588161	50213,50215,50216
chr2	10588911	50213,50214,50215,50216
chr2	10830099	50227,50228
chr2	10952901	50242
chr2	11606351	50280
chr2	11623371	-1
chr2	11646283	-1
chr2	11646897	-1
chr2	11679627	50286
chr1	155232198	6151,6152
chr2	17720274	50384,50385,50387
chr2	17721618	50386,50387
chr2	18981983	-1
chr2	20272004	-1
chr2	20550174	50485
chr2	20550761	50485,50486
chr2	20784516	-1
chr2	20784876	-1
chr2	20793083	50496,50497
chr2	20793425	50496,50497
chr1	155243385	6156
chr2	21266999	50548,50549
chr2	24299269	50604,50605
chr2	24306957	-1
chr2	24307342	50606
chr2	25016346	50651,50652,50653
chr2	25474492	50698,50699
chr2	25475406	50698,50700
chr2	26117548	-1
chr2	26256996	50746
chr2	26568633	50783,50784
chr1	156024416	6285,6286
chr2	26569052	50783,50784
chr2	27274071	50844,50845
chr2	27309513	50855,50856,50857
chr2	27309874	50855,50857
chr2	27318687	50860
chr2	27319270	50860
chr2	27434779	50876,50877,50878,50879,50881
chr2	27435252	50876,50877,50879,50881
chr2	27579387	50913,50915,50917
chr2	27579745	50913,50915,50916,50917
chr1	156052313	6292,6293,6294,6295
chr2	27593392	50920,50921,50922,50923
chr2	27651316	50946
chr2	27975666	50997
chr2	28615674	51020
chr2	29117536	51054,51055
chr2	29118273	51055
chr2	32236057	51148
chr2	32390818	51157,51158
chr2	33824600	51241
chr2	38603975	51378
chr1	156252758	6344,6345,6346
chr2	38604503	51378,51379
chr2	38893159	51390
chr2	42369027	-1
chr2	43037739	51553,51555
chr2	43152670	-1
chr2	43169574	-1
chr2	43232919	-1
chr2	43421397	-1
chr2	43453972	51574,51576
chr2	43454354	51574,51575,51576
chr1	156710903	6435
chr2	45501913	-1
chr2	45838406	51690
chr2	45878237	51691,51692
chr2	46542740	-1
chr2	46636179	-1
chr2	47168299	51787
chr2	47261405	-1
chr2	47298374	-1
chr2	47403625	51809,51810,51811
chr2	47404070	51809,51810,51811
chr1	161193516	6693,6694,6695
chr2	54683334	51963,51964,51965
chr2	54785043	51970
chr2	54785465	51970
chr2	55276275	52033,52034,52036
chr2	55459795	52040,52041,52042
chr2	55460285	52040,52041
chr2	55509343	52048
chr2	58273872	52125
chr2	58274403	52126,52127
chr2	61766594	52256,52257
chr1	161735191	6729
chr2	62797245	-1
chr2	62797783	-1
chr2	64881475	52407
chr2	65283874	52428
chr2	65454345	52448,52450
chr2	65528383	-1
chr2	68384680	52500,52501
chr2	68385028	52500,52501
chr2	68479911	52516
chr2	69969100	52591
chr1	10459489	800,802,803
chr1	166808428	6814
chr2	69991610	-1
chr2	70056653	52600
chr2	70141430	52607
chr2	70141632	52607
chr2	70313385	52625,52628,52630
chr2	70314104	52625,52626,52627,52628,52630
chr2	70369642	-1
chr2	70370054	-1
chr2	70520860	52661,52662
chr2	70528809	-1
chr1	166808736	6814
chr2	71295756	52711,52712,52713
chr2	73114537	52785
chr2	73115096	-1
chr2	73461501	52821,52822
chr2	74007293	52877
chr2	74211978	52894
chr2	74375012	52910,52911,52912
chr2	74425723	52923,52924
chr2	74426289	52923,52925
chr2	74667777	52969,52970,52971
chr1	167683909	-1
chr2	74682076	52973,52974
chr2	74692575	52979,52980
chr2	75062067	53032,53033,53034
chr2	75062439	53032,53034,53035
chr2	75788177	53056
chr2	75873853	53058
chr2	75937817	53068,53069
chr2	85555479	53178,53179,53180
chr2	85581809	53188,53189
chr2	85811709	53226
chr1	169454532	6926
chr2	86332990	53284,53286
chr2	86333366	53284,53285,53286
chr2	86790686	53340
chr2	86851143	53345,53346,53347
chr2	88926964	53401,53402,53403
chr2	88927501	53401,53402,53403
chr2	88991341	53404,53405
chr2	91845051	-1
chr2	96874560	53508,53510,53511
chr2	97215988	53574
chr1	169455416	6925,6926
chr2	97304142	53589,53590,53591
chr2	97534368	53627,53628,53629,53631,53633
chr2	97534823	53628,53631,53633
chr2	98280707	53662,53664
chr2	99224966	53711,53712,53713,53714
chr2	99319022	-1
chr2	99952966	53752,53753
chr2	99953766	53752,53753
chr2	101435206	53822,53823,53825
chr2	101436029	53825
chr1	185285483	-1
chr2	101618744	53841,53842,53844
chr2	101925405	53870,53871
chr2	102680884	-1
chr2	105945231	-1
chr2	106527486	-1
chr2	109335823	54059
chr2	109403496	-1
chr2	110388180	-1
chr2	111878251	54118,54120
chr2	112641716	54140
chr1	193028581	7447,7448,7449
chr2	113012350	-1
chr2	113033113	54161
chr2	113033839	-1
chr2	113403284	54210,54211,54213,54214,54215
chr2	113925171	-1
chr2	114384792	54296,54297,54298
chr2	119981597	54378
chr2	120124380	54386,54387,54388,54389
chr2	120436786	54400,54401
chr2	121322459	-1
chr1	201368545	7576,7577
chr2	122407617	54483,54485
chr2	127754948	-1
chr2	128176447	54556
chr2	130939223	54694,54696,54698
chr2	130939822	54694,54695,54696,54698
chr2	131100478	54702,54704,54705
chr2	131862911	54738
chr2	132249992	54748,54749,54750
chr2	132250500	54748,54750
chr2	133015224	54764
chr1	201438282	7583,7584
chr2	135676853	54833
chr2	136499169	54888
chr2	136742701	54913
chr2	136743162	54914
chr2	153573939	55205,55206,55207,55208,55209,55210
chr2	160568876	55345,55346,55347
chr2	168684163	-1
chr2	169023458	-1
chr2	170590898	55673,55674
chr2	170646578	55678,55679
chr1	202055352	-1
chr2	170681450	55686
chr2	171568778	55719,55720
chr2	171785461	55746,55747,55748
chr2	171830049	-1
chr2	171830925	-1
chr2	172289966	55773,55775
chr2	172290398	55773,55774,55775
chr2	172290768	55773,55774,55775
chr2	173420839	55856
chr2	175113542	55919,55920
chr1	11120268	845,846,847
chr1	202976342	7765,7766
chr2	176046540	55978,55979,55980
chr2	178052548	-1
chr2	178076987	56039,56040
chr2	178077999	56040
chr2	178128361	56061,56063
chr2	179343327	56119,56121
chr2	183989104	56343
chr2	183989623	-1
chr2	187350780	56372,56373
chr2	187351287	56372
chr1	203830700	7847
chr2	190305855	56442
chr2	190306212	56442
chr2	190627555	56473,56474,56475
chr2	191513073	56530
chr2	191674342	-1
chr2	191746808	-1
chr2	191885088	56583
chr2	192543551	56606,56608
chr2	196522184	56630,56631
chr2	196522976	56630,56631
chr1	205263465	-1
chr2	198364635	56715,56716,56717,56718,56719
chr2	198365130	56715,56716,56717,56718,56719
chr2	200776013	56776
chr2	201171281	56783
chr2	201728940	56849
chr2	201729429	56849,56850
chr2	201828386	56859,56860
chr2	202069695	-1
chr2	203130485	56964
chr2	203130864	-1
chr1	205600358	8011
chr2	203776374	57019,57021,57022,57023
chr2	203776971	57019,57020,57021,57022,57023
chr2	208490306	57199,57200
chr2	209118906	57238,57239
chr2	209130734	57242
chr2	211341375	57326,57328
chr2	216176819	57376,57377
chr2	216973858	57448,57449
chr2	216974066	57448,57449
chr2	217363703	57485,57486,57487
chr1	205744601	8029,8030
chr2	218767757	57531
chr2	219157292	57597,57598
chr2	219264451	57614,57615,57616,57617
chr2	219265848	57614,57616,57617,57618
chr2	219524460	57649,57650,57651,57652
chr2	219575584	57661
chr2	219610092	57662
chr2	219922892	57692
chr2	220041787	57708,57709,57710,57712,57713
chr2	220083557	57730,57731
chr1	207926198	8133
chr2	220252592	57790,57791,57792,57793,57794,57795
chr2	220436741	57854,57855,57856
chr2	223520771	57916
chr2	223521180	57916,57917
chr2	223661485	-1
chr2	224822143	57952
chr2	228189900	58041,58042
chr2	228678609	58072
chr2	230786758	58127,58128
chr2	230787507	58127
chr1	210001310	8178
chr2	231921324	58206
chr2	232328525	58250,58251
chr2	232329143	58250,58251,58252,58253
chr2	232545147	-1
chr2	232546025	58259
chr2	232573250	58262,58263,58265,58267
chr2	232575062	58264,58266,58267,58268,58269
chr2	232826367	58284
chr2	233309298	-1
chr2	233414892	58312,58313
chr1	212208627	8248
chr2	234262442	58380,58381,58382
chr2	237984902	-1
chr2	238499402	58549,58551
chr2	238522960	-1
chr2	238970465	58580
chr2	239197609	58614
chr2	239203433	-1
chr2	241499658	58710,58711,58712
chr2	241500464	58713
chr2	241525752	58722,58723,58725
chr1	213189144	8302
chr2	241796939	-1
chr2	242577039	58908,58910
chr2	242626813	58920,58922
chr2	242674919	58934
chr2	242710082	58945,58946
chr2	242710904	58946
chr2	242750129	58949,58950,58952
chr2	243028197	-1
chr20	278065	58982,58984,58985
chr20	279312	58983,58985,58986
chr1	214454936	-1
chr20	305142	58988,58990,58991
chr20	306094	58988,58989,58990,58991
chr20	306482	58988,58989,58990,58991
chr20	306929	58988,58989,58991
chr20	307843	58989,58992
chr20	352631	-1
chr20	1099186	59056,59057
chr20	1447606	59089
chr20	1808867	-1
chr20	1986669	-1
chr1	15911179	-1
chr1	218458622	8358
chr20	2082669	59124,59126
chr20	2489501	59154
chr20	2489905	59154
chr20	2632561	59164,59166
chr20	2633116	59163,59164,59166,59167
chr20	2644869	59175,59176
chr20	2854131	59204
chr20	3185101	59257,59258
chr20	3748391	59319,59320
chr20	3788935	59342
chr1	220220010	8388
chr20	3792571	59343
chr20	4152296	59390
chr20	4153286	59391
chr20	5100187	59442,59444
chr20	5591543	59485
chr20	5730927	59486
chr20	6103681	59519
chr20	10015665	59607
chr20	10414451	59638,59641
chr20	10414865	59639,59641
chr1	220267502	8392
chr20	10415283	59639,59640,59641
chr20	10546454	-1
chr20	10547210	-1
chr20	10652225	59652,59653
chr20	13765590	59703,59704,59705
chr20	13766103	59704,59706
chr20	13781579	59707
chr20	17836852	-1
chr20	17844588	-1
chr20	17949303	59793,59794,59795,59796,59797,59798
chr1	220960236	8419
chr20	17949724	59793,59794,59795,59796,59797,59798
chr20	18269184	59814,59815
chr20	18448014	59829,59830,59832
chr20	18547984	59842
chr20	21283939	59933,59934
chr20	21284412	59933,59935
chr20	22492702	-1
chr20	23331812	-1
chr20	24973465	60059
chr20	25176334	60087,60088
chr1	222638945	-1
chr20	25207848	60102,60103
chr20	25275238	-1
chr20	25565434	-1
chr20	25604777	60135,60136
chr20	26189040	60158
chr20	26190032	60158,60159
chr20	30193096	60193
chr20	30195275	60194
chr20	30300583	-1
chr20	30308124	-1
chr1	226595811	8623
chr20	30308821	-1
chr20	30311200	60201,60202,60203
chr20	30311800	60202,60203,60204
chr20	30697247	60245
chr20	30697541	60245
chr20	30770345	-1
chr20	30945990	60280,60281,60283
chr20	30946423	60280,60281,60282,60283
chr20	31129347	-1
chr20	31407993	60322
chr1	227133341	8643
chr20	31594017	60330,60331
chr20	31597468	60333
chr20	31989347	60358,60359
chr20	32320203	-1
chr20	32580860	60413,60415
chr20	32581557	60413,60414,60415
chr20	32890791	60450
chr20	33209701	-1
chr20	33542865	-1
chr20	33543509	60527,60528
chr1	229406759	8764,8765
chr20	33735204	60555
chr20	33762711	60558,60559
chr20	33999919	60585
chr20	34042534	60588,60589,60590
chr20	34252863	60619
chr20	34330201	60640
chr20	34330586	60640
chr20	34638901	60665
chr20	34770837	-1
chr20	34824347	60693
chr1	229694896	8801
chr20	35233979	60716
chr20	35465254	-1
chr20	35808026	60771
chr20	35972159	60794,60795
chr20	35973128	60794,60795,60796
chr20	36027832	-1
chr20	36156615	60820,60821,60822
chr20	36322344	60824,60825
chr20	36661978	60850,60851
chr20	36771879	60869
chr1	229761943	8806,8807
chr20	37360267	-1
chr20	37590816	60945,60946
chr20	37591397	60945
chr20	39297480	-1
chr20	39631896	-1
chr20	39769619	-1
chr20	40322181	-1
chr20	42086535	61044,61045,61046
chr20	42086905	61045,61046
chr20	42176360	-1
chr1	15911551	1067
chr1	230294704	-1
chr20	42185367	-1
chr20	42186371	61059
chr20	42839635	61091,61092
chr20	43023265	-1
chr20	43104480	61123
chr20	43595071	61192,61193
chr20	44563281	61307,61309
chr20	44718582	61353,61354
chr20	44992647	61371,61372
chr20	45834472	-1
chr1	230838939	8839
chr20	46205666	-1
chr20	47214229	-1
chr20	47663414	-1
chr20	47894748	61591,61592,61594
chr20	47895230	61591,61593,61594,61595
chr20	47895737	61591,61593,61595
chr20	48200747	-1
chr20	48384995	-1
chr20	48389101	-1
chr20	48599026	61645,61646
chr1	231004659	8856,8857
chr20	48803757	61667
chr20	48804190	61667
chr20	48891690	-1
chr20	48922018	-1
chr20	48922924	-1
chr20	49006889	-1
chr20	49016879	-1
chr20	49262323	-1
chr20	50808009	-1
chr20	50809002	61751,61752
chr1	234735682	8944
chr20	52168750	61767
chr20	52240082	-1
chr20	52294762	-1
chr20	52380561	-1
chr20	52720139	-1
chr20	52720812	-1
chr20	52749515	-1
chr20	54967634	61806,61807
chr20	56811850	-1
chr20	56812320	-1
chr1	234743993	8947,8948,8949,8951
chr20	60697224	62069,62071
chr20	60877077	62108,62109,62110
chr20	60950755	-1
chr20	60962146	62131,62132,62133
chr20	61268627	-1
chr20	61569270	62212,62213
chr20	61585771	62221
chr20	61587041	62224
chr20	61900268	-1
chr20	62258078	62349
chr1	234746521	8952,8953
chr20	62259825	62350,62351
chr20	62273496	62353,62354,62355,62356
chr20	62283988	-1
chr20	62289617	62364,62365,62366
chr20	62338288	62381,62382,62383,62385,62386
chr20	62339274	62381,62382,62384,62385,62386
chr20	62369531	62390,62392
chr20	62370733	62391,62392,62393,62394
chr20	62372386	62391,62394,62395,62396
chr20	62495709	62417,62419
chr1	234852268	-1
chr20	62496577	62417,62418,62419
chr20	62497264	62417,62418,62420
chr20	62587350	-1
chr20	62587974	62448,62449
chr20	62601288	62456
chr20	62612333	62457,62458,62459
chr20	62667520	62468,62469
chr20	62668100	62469
chr20	62672923	62471
chr20	62694409	62482
chr1	235093277	-1
chr20	62869725	62506
chr20	62887157	62508,62509,62510
chr21	30445995	62628
chr21	33765287	62686,62687
chr21	34914415	62753,62754,62756
chr21	35748100	-1
chr21	38639939	62965
chr21	40159534	-1
chr21	40337953	-1
chr21	40759550	63060
chr1	235096815	-1
chr21	45148571	63276
chr21	45925711	-1
chr21	46221705	63421,63422
chr21	46432314	-1
chr21	46727181	-1
chr21	46889593	63505
chr21	46961753	63526
chr21	46962360	63526,63527
chr21	47649161	63567,63568,63569,63570
chr22	18256870	63670
chr1	235267703	-1
chr22	18421577	-1
chr22	19159170	63738
chr22	19418771	63758,63760
chr22	19419313	63757,63758,63760
chr22	19419896	63757,63759,63760
chr22	19879848	-1
chr22	19929360	63812,63813
chr22	19930025	63813
chr22	20067431	63840
chr22	20104961	63853,63854,63855
chr1	16940374	1203
chr1	235291789	8973,8974
chr22	21213181	63938,63939,63940
chr22	21983682	64009,64010
chr22	21984435	64009,64010,64011
chr22	22032058	-1
chr22	22222118	64045,64046
chr22	23418127	64122
chr22	23523017	64132
chr22	24110644	64175,64177
chr22	24236626	64208,64210
chr22	24946381	-1
chr1	235292334	8973,8974,8975,8976
chr22	24951923	64273,64275,64276,64277
chr22	25348683	64300
chr22	25843944	64315
chr22	26908484	64357,64358
chr22	28314889	64395
chr22	29196741	64425,64426,64427
chr22	29260982	-1
chr22	29317126	-1
chr22	29400631	-1
chr22	29401118	-1
chr1	235814413	9023,9024,9025
chr22	29426959	64436
chr22	29976365	-1
chr22	31364981	64634,64635,64636,64637,64639
chr22	31795425	64695
chr22	32146185	64738
chr22	32928718	-1
chr22	36748299	64927
chr22	36784004	64933,64934
chr22	37416418	64967,64968
chr22	37428958	-1
chr1	236767826	9077
chr22	37595645	64996,64997
chr22	37897940	-1
chr22	37957920	65035
chr22	38714485	65171,65172
chr22	39096987	65214,65215
chr22	39898337	65320
chr22	39916503	65328,65329,65330,65331
chr22	41418663	-1
chr22	41682158	65454
chr22	41810655	-1
chr10	5855779	9502
chr22	41844440	65479,65480
chr22	41940418	65499
chr22	42084836	65522,65523,65524
chr22	42343246	65561,65562
chr22	42665785	65598,65599
chr22	43011374	65630
chr22	43355959	65674
chr22	46041640	-1
chr22	46773596	65890
chr22	47135185	65920
chr10	5931821	9508,9510,9511
chr22	47150579	-1
chr22	47158402	65921,65922,65923
chr22	50353856	65993,65994
chr22	50968853	66127,66128
chr22	51080892	-1
chr22	51138996	-1
chr3	4508932	66182
chr3	9932307	66351
chr3	9956953	66355,66356
chr3	9988335	66364,66365
chr10	6244789	9537
chr3	9989042	66365
chr3	12598506	66491
chr3	12883002	66517,66518,66519
chr3	14443921	66601,66602
chr3	14719826	66618
chr3	15106791	66656
chr3	15247609	66664,66665
chr3	16306744	66730,66731
chr3	23958656	66790,66791,66792,66793
chr3	24493361	-1
chr10	6245486	-1
chr3	24563912	66825
chr3	33482003	67010
chr3	37034987	67042,67043,67044,67045
chr3	38388228	67142
chr3	40499038	67232,67234
chr3	45017742	67428,67429
chr3	45634884	67446,67447
chr3	47422522	67580,67581
chr3	48472947	67699
chr3	48514963	67716
chr10	11916916	-1
chr3	48701015	67753
chr3	48934973	-1
chr3	49066811	67820,67821,67822
chr3	49395936	67890
chr3	49726179	67930,67931,67932,67934
chr3	50340589	68059
chr3	51975933	68155,68156
chr3	51976349	68155,68156,68157
chr3	52017503	68181,68182
chr3	52188884	68200,68201
chr10	12238254	9641,9642,9643
chr3	52324105	68236,68237,68238,68239
chr3	52568019	68305,68306,68307
chr3	52720049	68322,68323,68324,68325,68326
chr3	53164433	68388
chr3	53292776	-1
chr3	57541789	68490,68491,68492,68493
chr3	61235829	-1
chr3	61547245	68608,68610
chr3	99536405	69006
chr3	99595043	69012
chr1	16971252	1210,1211,1212,1214,1215
chr10	13628949	9682
chr3	100053580	69029
chr3	100119976	69043,69044,69045,69046
chr3	100120430	69043,69045,69046
chr3	101395254	69083,69084
chr3	113465060	69248,69249,69250
chr3	115502933	-1
chr3	119187813	69341,69342
chr3	122102191	69453,69454,69455
chr3	122102947	69453,69454,69455
chr3	126242446	69700
chr10	21784902	-1
chr3	127310065	69737,69738
chr3	128598331	69832
chr3	128838604	69855,69856
chr3	128902162	69871,69873
chr3	128902738	69871,69872,69873
chr3	129612705	69962,69963
chr3	133292104	70031,70034
chr3	133524699	70075
chr3	135915521	70132
chr3	141027625	-1
chr10	21814942	9850
chr3	142721105	70338
chr3	149689085	70481,70482
chr3	155462922	70587,70588
chr3	155572385	70591,70592
chr3	156271924	70610
chr3	156848392	70631
chr3	156878040	70643
chr3	156892683	70645
chr3	158362298	70657,70658
chr3	160283542	70722,70723
chr10	21822902	9853,9854,9855
chr3	171558676	-1
chr3	171757294	70865,70866,70867
chr3	177077741	-1
chr3	179040786	70954,70955,70956
chr3	183602697	71063
chr3	183966755	71133,71134,71136
chr3	183967346	71133,71135,71136
chr3	184081182	71179,71181,71183
chr3	184095935	71186,71187
chr3	185216810	71226,71227
chr10	25305587	9942,9943
chr3	185811251	-1
chr3	186332823	71286,71287
chr3	193430196	-1
chr3	193788450	71448
chr3	193852890	71449,71450
chr3	194053739	-1
chr3	194054167	-1
chr3	194072080	71457
chr3	195808438	71560
chr3	195808932	71560,71561
chr10	25305920	9942,9944
chr3	196014671	71572,71573
chr3	196295513	71590,71591,71592
chr3	196669443	71616,71617,71618,71619
chr3	196696911	71623
chr3	197547679	-1
chr4	1198973	71850
chr4	1340660	71882,71883
chr4	1778450	-1
chr4	3832374	-1
chr4	4291836	72128,72129
chr10	26986858	9959,9961
chr4	4543807	72147,72148
chr4	6690698	-1
chr4	6691901	-1
chr4	6695538	72218,72220
chr4	6751376	-1
chr4	6895532	72240
chr4	8052711	-1
chr4	17579056	72448
chr4	20702048	72481
chr4	22517038	72497
chr10	30637978	10087
chr4	23882979	72505
chr4	24586178	72527
chr4	38425960	-1
chr4	38426373	-1
chr4	39529055	72693,72694
chr4	47916807	72813,72815
chr4	53579158	72873
chr4	54796360	-1
chr4	57302633	72953,72954
chr4	68567015	72997,72998
chr10	32635270	-1
chr4	71570430	73049
chr4	71705595	73065,73067
chr4	73935565	73077
chr4	74124881	73105,73106,73107
chr4	76649618	73188,73189
chr4	77069696	73218
chr4	83294364	73342,73343,73345
chr4	83295339	73344,73345
chr4	83351550	73355,73356,73357
chr4	89444861	73532,73533
chr10	33247427	10175
chr4	103423092	73638,73639
chr4	103748700	73665,73666,73667,73668,73669
chr4	103996731	-1
chr4	106629869	73700,73701
chr4	128886479	73962,73963
chr4	128982123	73965,73966
chr4	129209474	73972,73973
chr4	140099090	74015,74016,74017
chr4	140216979	74019
chr4	140222675	74020,74021
chr1	16971947	1211,1213,1214,1215,1216
chr10	35104334	10224,10225
chr4	146019496	74114,74115
chr4	152245996	74207
chr4	159643501	74341
chr4	159644641	74342
chr4	164415847	74371
chr4	164416294	-1
chr4	185285491	-1
chr4	185395814	74585,74586,74587,74588,74589
chr4	185655434	74600
chr4	186125212	74625,74626
chr10	43278183	10282,10283,10284
chr4	186732221	74669
chr4	187123203	74687
chr4	187644977	74715
chr4	187647144	74716,74717,74718,74719,74721
chr5	473114	74764,74765,74766,74767,74768,74769
chr5	1107994	-1
chr5	1634125	74880
chr5	6633218	74919,74920,74921
chr5	6712921	74924,74925,74928
chr5	10331711	-1
chr10	43892766	10304,10306
chr5	10353844	74974,74975
chr5	16736470	-1
chr5	33441368	75237
chr5	34915813	75277,75279,75280
chr5	41925329	75476
chr5	43018104	75497,75498
chr5	43065110	75507,75508,75509
chr5	43067110	75510,75511,75512
chr5	61601738	75759
chr5	61699711	75766,75767,75768
chr10	43915978	-1
chr5	65440757	75827
chr5	68628653	75883,75884
chr5	70882240	75919
chr5	70883250	75919
chr5	72144593	-1
chr5	73937277	76028,76029
chr5	95198464	-1
chr5	96518950	76514
chr5	96519527	76514
chr5	98263903	76529,76530,76532
chr10	43916536	-1
chr5	110427941	76623
chr5	110428449	-1
chr5	111078481	-1
chr5	111093931	76643,76644,76645
chr5	111940904	-1
chr5	115177324	76729,76730,76731,76732,76733
chr5	115421118	-1
chr5	121414100	76787,76788,76790
chr5	128430954	76875
chr5	131892619	76950,76951
chr10	44101877	10311
chr5	133862332	77119,77122
chr5	133968560	77133
chr5	134074100	77145
chr5	134210040	77167
chr5	134240396	77171
chr5	134469752	-1
chr5	135468560	77238,77239
chr5	137828891	-1
chr5	137911101	77355,77356,77358
chr5	137911484	77355,77356,77358
chr10	52383771	10467,10468,10469,10470
chr5	138061754	-1
chr5	138609838	77389,77390
chr5	138629791	77393,77395
chr5	138630194	77393,77395
chr5	138721178	77419
chr5	139113608	-1
chr5	139927226	77504
chr5	140018774	77530
chr5	140998822	77653
chr5	150537384	78067
chr10	52384422	10467,10468,10469,10470
chr5	151151144	78112,78113,78114
chr5	151151519	78112,78113,78114
chr5	154136735	78164
chr5	154317321	-1
chr5	154317855	78194
chr5	170815585	-1
chr5	172197736	78415,78416,78417,78418
chr5	172756906	78467,78468,78469
chr5	173043072	78472
chr5	173043828	78473
chr10	60833403	-1
chr5	175815605	78530,78531
chr5	175816018	78530
chr5	175963656	78544,78545
chr5	176739302	78601,78602,78603
chr5	176817651	-1
chr5	176882433	78628,78629,78630,78632
chr5	177631537	78702,78704
chr5	179246187	78796
chr5	179246588	78796
chr5	180648997	78909,78910
chr10	61666713	10542,10543
chr5	180670827	78918,78919
chr6	292263	78930
chr6	1055383	-1
chr6	1228265	-1
chr6	1268808	-1
chr6	2765755	79023
chr6	2988842	79056
chr6	3000165	79057
chr6	3259196	79099
chr6	3259983	-1
chr1	17093267	-1
chr10	69835065	10666,10667,10668
chr6	3410233	-1
chr6	3415141	-1
chr6	7239236	-1
chr6	7313548	79262
chr6	7975430	-1
chr6	11094423	-1
chr6	11144147	-1
chr6	11233495	79401
chr6	11324498	-1
chr6	11393513	-1
chr10	70715865	10729,10730
chr6	13575523	79476
chr6	13814530	79505,79506
chr6	15245620	79517,79518
chr6	17706388	79594,79596
chr6	17707241	79595,79596
chr6	18122999	79610
chr6	20402139	79650,79651,79653
chr6	24385948	-1
chr6	24495082	79722
chr6	24495947	79723,79724
chr10	70939680	10751
chr6	24667204	79736,79737,79738
chr6	24721896	79750,79751,79752
chr6	24775213	79753,79754
chr6	26104264	79851
chr6	26286132	79882
chr6	26296629	-1
chr6	26365690	-1
chr6	26520827	79908
chr6	26554392	-1
chr6	27805267	79980,79982
chr10	70982628	-1
chr6	28351189	-1
chr6	28806293	-1
chr6	30068731	-1
chr6	30174903	-1
chr6	30525100	80227,80229,80230
chr6	30539106	80232,80233
chr6	30585793	80241,80242,80243
chr6	30685415	80275
chr6	30688093	80276,80277
chr6	30688713	80277,80278
chr10	71905563	10803,10804,10805
chr6	30689329	80277,80278,80279
chr6	30731881	-1
chr6	30737553	-1
chr6	31509757	80399,80400,80401
chr6	32121925	80634,80637,80638
chr6	32122538	80634,80637,80639
chr6	32163681	80665
chr6	32812381	80699,80701
chr6	32937035	80722,80724,80725
chr6	32938013	80722,80725,80726
chr10	71993343	10823
chr6	33239914	80776,80777,80778,80779
chr6	33256954	80786,80788
chr6	33385861	80819
chr6	33581305	-1
chr6	33756982	80883,80884
chr6	34205966	80910,80911,80912
chr6	34641484	-1
chr6	34759827	80959
chr6	35699790	-1
chr6	35700117	-1
chr10	72083752	10829
chr6	35888097	-1
chr6	35888798	81054,81055
chr6	36063978	-1
chr6	36842403	-1
chr6	36842613	81146
chr6	37070362	-1
chr6	37095929	-1
chr6	41487703	81394
chr6	41513921	81396,81397
chr6	41755409	81436,81437
chr10	73398172	-1
chr6	41889257	81448,81450
chr6	42715375	81513,81516
chr6	42946970	81558
chr6	42981915	81569,81570,81571
chr6	43027114	81588,81589,81591,81593
chr6	43149846	81620
chr6	43246555	-1
chr6	43484866	81685,81686,81687
chr6	43543109	81708
chr6	43543823	81707,81708
chr10	74870204	10972
chr6	43597158	81722,81723
chr6	43693009	-1
chr6	43737400	81732
chr6	43739727	81733,81734
chr6	43740533	81734
chr6	44124458	81766
chr6	44191543	-1
chr6	44214217	81780,81781,81782,81783,81784
chr6	44214850	81780,81782,81783,81784,81785
chr6	44215248	81780,81783,81784,81785
chr10	75012479	10984,10985
chr6	45345915	81832
chr6	47041072	-1
chr6	47044805	81901
chr6	47445383	81911,81913
chr6	52442046	82013,82014,82015,82016
chr6	57037474	82215
chr6	64345748	82259,82260
chr6	74230549	82314,82315,82316
chr6	74230748	82315,82316,82317
chr6	79787989	82373,82375
chr1	1407084	183
chr1	17766232	1251,1252,1253
chr10	75936361	11125
chr6	79788538	82373,82375
chr6	86352660	82481,82482,82483
chr6	86353581	82482,82483,82484
chr6	86353950	82482,82483,82484
chr6	86389028	82486,82487,82488
chr6	105850973	82679
chr6	106773686	82686,82687
chr6	108879841	82771
chr6	109804470	82835,82836
chr6	111279769	82886
chr10	76970233	11148,11149
chr6	111804539	82913,82914,82915
chr6	117802662	83077
chr6	117803601	83077
chr6	117996507	83089,83090,83091
chr6	123113220	-1
chr6	128826989	-1
chr6	133120271	83490
chr6	133135393	83492,83493
chr6	133135725	83492,83493
chr6	136611099	83598
chr10	76995323	-1
chr6	138044565	-1
chr6	138045314	-1
chr6	139695897	83741,83742
chr6	139696524	83742
chr6	142468302	83750
chr6	143266329	83790,83791
chr6	143381663	83800
chr6	144606535	83859,83860,83861
chr6	146056394	-1
chr6	146056764	83896
chr10	77162220	11162,11164,11166,11167,11168,11169
chr6	146135452	83906,83907
chr6	151187500	84073
chr6	155054487	84207,84209
chr6	155808255	-1
chr6	157041284	-1
chr6	157098754	84247,84249,84251
chr6	157254461	-1
chr6	157952234	-1
chr6	157952689	-1
chr6	158431993	84311,84312,84313
chr10	79789706	11250
chr6	158744015	-1
chr6	158981052	84373,84374
chr6	160183350	84459,84461,84462,84463
chr6	160183816	84459,84461,84463
chr6	163835085	84586,84587,84589
chr6	166796914	84675
chr6	167413436	84719
chr6	168051595	-1
chr6	168162071	-1
chr6	169692870	-1
chr10	80310728	-1
chr6	170124869	84861,84862
chr6	170125599	84861,84863
chr6	170200983	84877
chr7	220707	-1
chr7	766245	-1
chr7	767278	84944
chr7	1032905	-1
chr7	1068629	85009,85010,85012
chr7	1595854	85076,85077
chr7	1609679	85079,85080,85081,85082
chr10	80732962	11264
chr7	2281811	85100,85101,85102,85103
chr7	2393676	85109,85110,85112
chr7	2394477	85110,85112
chr7	5469165	85256,85258
chr7	6098799	85318
chr7	6121295	85320
chr7	16686032	85468
chr7	22893923	85551
chr7	26239935	85648,85651
chr7	26240401	85649,85651
chr10	80827228	11267,11268,11271
chr7	26241225	85649,85650,85651
chr7	26241794	85649,85650
chr7	27162134	85680,85681
chr7	27170506	85683
chr7	32530013	85857,85858
chr7	36834565	-1
chr7	37231572	-1
chr7	43965988	86082,86083,86085
chr7	43966386	86082,86084,86085
chr7	44261112	-1
chr10	80828581	11268,11269,11270,11271
chr7	44530187	86150
chr7	44613486	86153,86154
chr7	44836665	86195,86197
chr7	44837102	86195,86197
chr7	50662710	86338
chr7	55245643	-1
chr7	65958722	86501,86502
chr7	72847990	86571
chr7	73588485	86643,86644
chr7	73867458	86674,86675
chr10	82049372	11337
chr7	75987649	86784
chr7	75988271	86784,86785
chr7	77326460	86822,86824,86825
chr7	92219749	87009
chr7	92465858	87028
chr7	97841143	87161
chr7	99036470	87267,87268
chr7	99063888	87280
chr7	99679586	87371,87372
chr7	99698324	87385,87386,87388,87390
chr1	19227819	-1
chr10	82049911	11337,11338
chr7	100026959	87442,87444,87446,87447
chr7	100143427	-1
chr7	100165977	-1
chr7	100472672	87540,87541
chr7	100746590	-1
chr7	100747603	-1
chr7	100769736	87601
chr7	100770186	87601,87602
chr7	102790067	87736
chr7	102985299	87747
chr10	82259150	-1
chr7	104653210	87786,87789
chr7	105162036	-1
chr7	105162674	87833,87834
chr7	105517258	87852,87853
chr7	106810279	87890
chr7	135347142	88617
chr7	139930467	-1
chr7	140714742	88815,88816
chr7	149321879	88996
chr7	149569969	89018,89020,89021
chr10	88159865	-1
chr7	150759571	89100,89102,89104,89106
chr7	150924291	89135,89136
chr7	155412069	-1
chr7	156742420	89309,89310
chr7	157180028	-1
chr8	11604017	-1
chr8	11710875	89654,89655
chr8	17104393	89710,89711,89712
chr8	17354413	89723
chr8	17780143	89782
chr10	88855282	11453,11455,11456,11458
chr8	17941595	89822,89824,89826
chr8	18871183	89843,89844
chr8	19086126	-1
chr8	21969123	89950
chr8	22462180	90045
chr8	25315929	90166,90167,90168
chr8	27441356	-1
chr8	30585429	90394,90395
chr8	33371094	90418,90419
chr8	37888521	90472
chr10	91461465	11538,11539
chr8	37889046	90472
chr8	41435606	90597
chr8	41909580	90625,90626
chr8	42010213	90627,90628,90629
chr8	42396416	90676
chr8	48872709	90741,90742,90743,90744
chr8	48920900	90752
chr8	52811883	90762,90763,90764,90765
chr8	56686097	90819,90820
chr8	56987043	90827,90828
chr10	93668656	11596
chr8	62627485	90905
chr8	82193082	91138
chr8	86089417	91164,91165
chr8	95732037	91296
chr8	96018834	-1
chr8	96281960	91325
chr8	99057790	91387,91388,91389
chr8	99129469	91392,91393,91394
chr8	101162819	91431,91432
chr8	101859830	-1
chr10	94333905	11624,11626
chr8	103818627	91555,91556
chr8	103819883	91555,91557,91558
chr8	104427647	91596,91597
chr8	110552368	91643
chr8	120221783	-1
chr8	123793501	91779,91780
chr8	125643629	-1
chr8	126010421	91891
chr8	126010760	91891
chr8	128806790	91937,91938
chr10	95361031	11657,11658
chr8	129569108	-1
chr8	131455918	91983
chr8	134582696	92063
chr8	134584467	92062,92063
chr8	142411884	-1
chr8	143799640	-1
chr8	143808499	92234,92235
chr8	143820925	-1
chr8	144373789	92291,92292
chr8	144610108	-1
chr10	97889756	11784
chr8	144692088	92342,92343,92344
chr8	144818813	-1
chr8	145515095	92483,92484
chr8	145597499	92518,92519,92520
chr8	145634744	-1
chr8	145689513	92551,92554
chr8	146277863	92632,92633,92634,92635
chr9	2844084	92704,92705
chr9	3526078	92710,92711,92712
chr9	4792956	92747
chr10	99094839	11869,11870,11871
chr9	5437803	92765
chr9	6681266	92826,92827
chr9	6681738	92826,92827
chr9	12776166	-1
chr9	32573205	93038
chr9	33025091	93045,93046,93047,93048,93049
chr9	34049457	93131,93132
chr9	35603646	93257
chr9	35657873	93267
chr9	37079583	93382,93383
chr1	19537045	1345,1346
chr10	101089100	11971,11972,11973,11974
chr9	37485956	93418
chr9	37592635	93424
chr9	37800736	93430,93431,93432
chr9	38620667	93468,93469,93470,93471
chr9	77643244	93645
chr9	81022046	-1
chr9	86594592	93743,93744,93745,93747,93749
chr9	88897054	93777
chr9	91933299	93848,93849
chr9	93799755	-1
chr10	101492125	12001,12002,12003
chr9	93800383	-1
chr9	93956383	-1
chr9	93958087	-1
chr9	93959686	-1
chr9	94186930	93899
chr9	94901548	-1
chr9	95087661	93945,93946,93947,93948,93949
chr9	95088196	93945,93946,93947,93949
chr9	95963970	-1
chr9	96212852	94020
chr10	101945852	12022,12023
chr9	96928149	94050
chr9	96928917	-1
chr9	96929285	-1
chr9	100745388	94226,94227,94228,94229
chr9	100746702	94227,94229,94231
chr9	100747163	94227,94230,94231
chr9	100818755	94237
chr9	104078050	-1
chr9	104086239	-1
chr9	104160851	94326,94327
chr10	102826100	12119
chr9	108006672	94385
chr9	113019176	94531
chr9	116412767	-1
chr9	116844569	94733
chr9	116844954	94733
chr9	123300827	-1
chr9	124527481	-1
chr9	125027198	94998,94999,95000
chr9	126232659	-1
chr9	127274817	-1
chr10	103892786	12213,12215
chr9	127624240	95134,95135,95136
chr9	127630823	95138
chr9	129290046	-1
chr9	130213672	95283,95284,95285,95286
chr9	130369934	-1
chr9	130890609	95413,95414
chr9	131084808	95464,95465
chr9	131419307	95553
chr9	131451385	95557,95558
chr9	131901807	95647,95648
chr10	103893450	12214,12215
chr9	132205430	-1
chr9	132319978	-1
chr9	132321500	-1
chr9	132359955	-1
chr9	132806203	95732
chr9	133374465	95768,95769
chr9	133375384	-1
chr9	134269430	95847,95848,95850
chr9	136283156	96049,96050
chr9	136325840	-1
chr10	104182612	12274,12275
chr9	137212919	-1
chr9	138392499	96177,96178,96179,96181,96182
chr9	139010601	96219,96220,96221,96222
chr9	139304478	96249,96250,96252
chr9	139305053	96249,96250,96251,96252,96254,96255
chr9	139379210	96288,96290,96293
chr9	139521293	-1
chr9	139622717	96319
chr9	139743672	96360
chr9	139949658	96415
chr10	104210359	12281,12283
chr9	139981152	96427,96428,96430
chr9	140083050	96462,96463,96464,96465
chr9	140565480	-1
chrX	285044	-1
chrX	1600829	-1
chrX	9431262	96676,96678
chrX	9431264	96676,96678
chrX	23685527	96808
chrX	38662917	96855
chrX	39941986	-1
chr10	104357451	-1
chrX	40943985	96883,96885,96887
chrX	70752814	97282
chrX	115009520	-1
chrX	118925559	97521,97522
chrX	119077764	97530
chrX	130964651	97591
chrX	152892550	-1
chrX	153285409	97782,97783,97784
chrX	153991239	97860,97861
chrX	153991841	-1
chr10	104613957	12330
chr1	19578285	1356,1357
chr10	105420343	12405
chr10	116697978	12656
chr10	120840350	12773
chr10	120938432	12790,12791,12792
chr10	120966467	12793,12794
chr10	121030754	-1
chr10	121076380	-1
chr10	121076830	-1
chr10	121403288	-1
chr10	124767538	12948,12950
chr1	19772478	-1
chr10	124768372	12949,12950
chr10	124913657	12957
chr10	134036790	-1
chr10	135207799	13176,13177
chr11	506786	13251,13252,13253,13255,13256
chr11	707419	13305,13306,13307
chr11	777314	13326,13327,13328
chr11	809564	13350,13351,13353
chr11	842830	13373,13374,13375
chr11	844035	13373,13375
chr1	20803135	-1
chr11	1712677	13479
chr11	1968549	13520
chr11	2012182	13528
chr11	2118821	13530
chr11	2234910	-1
chr11	3819302	13669,13670
chr11	8008705	13820
chr11	9406091	13909
chr11	9482190	13921,13922,13923
chr11	12824315	-1
chr1	21059775	1471,1472
chr11	12867553	-1
chr11	14541936	14135,14136
chr11	17375311	-1
chr11	18343771	14254,14256
chr11	18344088	14254,14255,14256
chr11	20058018	-1
chr11	20409298	14334,14335
chr11	27222982	-1
chr11	32605380	14426
chr11	33060881	14446
chr1	21113928	1487,1488
chr11	34073838	14513,14514,14515
chr11	34676547	14567
chr11	46264959	-1
chr11	47270451	14920,14921,14922
chr11	47291522	14929
chr11	47789214	15018
chr11	57298227	15060,15061
chr11	58347189	15127
chr11	59318561	-1
chr11	60691904	15208,15209
chr1	21996290	1545,1546
chr11	60929029	15230,15231
chr11	61062322	-1
chr11	61100583	15251,15252,15253,15254,15255
chr11	61129807	15269,15270
chr11	61584452	15353,15354,15356,15357
chr11	61739351	-1
chr11	61740847	15387
chr11	62359112	15436
chr11	62432808	15475,15476
chr11	62609116	15524,15525,15526,15527
chr1	22110184	1555,1556,1557
chr11	62648367	15534,15536
chr11	62648860	15535,15536,15537,15538
chr11	63684657	15607,15608
chr11	63687030	-1
chr11	64084973	15694,15696,15697
chr11	65190233	15902,15903
chr11	66095942	-1
chr11	66104184	16149,16150
chr11	67159325	16315
chr11	67374398	16371,16372,16373,16374,16375,16376
chr1	1709960	217
chr1	22778416	1606
chr11	67769706	-1
chr11	67805883	16407,16408
chr11	67914660	-1
chr11	67981346	16435
chr11	70952552	-1
chr11	71159732	16588,16589,16590
chr11	72109743	-1
chr11	73046675	-1
chr11	73490625	-1
chr11	73498886	16788
chr1	23670807	1665
chr11	73499243	-1
chr11	73587667	16791,16793
chr11	73694595	16804,16805,16806
chr11	74460589	-1
chr11	77348822	17041
chr11	77850668	17072,17073
chr11	101982300	17397,17399
chr11	102323513	17421,17422,17423
chr11	104918115	-1
chr11	116283248	-1
chr1	23671185	1665
chr11	116697748	-1
chr11	116704668	17708
chr11	118792124	-1
chr11	120206876	18159,18160
chr11	122934178	18233
chr11	126081563	18365,18366
chr11	129873119	18448,18450,18451
chr12	1771198	18656
chr12	4124605	-1
chr12	4758248	18777,18778
chr1	24018348	1695,1696,1697
chr12	6292409	-1
chr12	6445446	18818
chr12	9102717	19133,19134,19135
chr12	11044786	-1
chr12	12714645	19283,19284
chr12	19592413	19402,19404
chr12	25102049	19462
chr12	27863777	19535
chr12	31227182	19585,19587
chr12	31515881	-1
chr1	26324748	1868
chr12	45609722	19726,19727,19728
chr12	46766506	19800,19801,19803
chr12	46776937	19804
chr12	49454628	19979,19981,19982
chr12	49524077	19991,19992,19993,19995,19997
chr12	49658863	20007
chr12	51157727	20172
chr12	52513307	-1
chr12	53400110	20358,20359,20360,20361
chr12	53400838	20358,20360,20361
chr1	26758615	1914,1915
chr12	53895317	20477,20478
chr12	54069993	20493
chr12	54674046	20547,20548,20549
chr12	54754805	20562
chr12	56498239	20687,20688
chr12	56499134	20687,20689
chr12	56511973	20693
chr12	56522062	20694
chr12	56624371	20736,20737
chr12	56660665	20747,20748
chr1	27240642	1981
chr12	57482402	20864,20865
chr12	57506012	20881,20882,20883
chr12	57521604	20884
chr12	57824927	20953,20954
chr12	57848475	20957
chr12	57848839	20957
chr12	57914495	20982,20983
chr12	58165900	21070,21071,21073
chr12	58176553	21074,21075
chr12	64237768	21137
chr1	28879451	2138,2139
chr12	64616039	21142,21143
chr12	64798097	21149
chr12	64798799	-1
chr12	66216865	21201,21202
chr12	66217955	21202,21204
chr12	67662736	21233
chr12	69080707	21270,21271
chr12	76477740	-1
chr12	82752212	21507,21508
chr12	88429325	21519
chr1	29063294	2150,2151,2154,2155
chr12	89748074	21535,21539,21540
chr12	90103401	21567,21568,21569
chr12	95467488	21644
chr12	98898053	21706
chr12	104324244	21852,21853,21854,21855,21856
chr12	106751532	21950,21951,21952
chr12	106751953	21951,21952
chr12	108079478	21990
chr12	109125447	22041,22042
chr12	109490356	22059,22060
chr1	31628311	-1
chr12	110011289	22117,22118,22119
chr12	110906654	22214
chr12	110907099	22214
chr12	111180913	22237,22238
chr12	112037431	22268,22269,22270,22271
chr12	112279808	22287,22288,22289,22290
chr12	112546568	22308
chr12	113659690	22361
chr12	117483517	-1
chr12	117537237	22455
chr1	1822566	237,239,240
chr1	32816735	2396
chr12	120638904	22552,22553,22554
chr12	120666248	22568
chr12	121734227	-1
chr12	122326562	22770,22771
chr12	122502222	22783
chr12	123350414	22862
chr12	124068907	22950,22951
chr12	125348631	23052,23053
chr12	131356359	23108,23110,23111
chr12	131496906	-1
chr1	33225877	-1
chr12	132345502	-1
chr12	132569590	-1
chr13	21476289	-1
chr13	26796436	23425,23426,23428
chr13	27746114	23452
chr13	28196030	23469,23471,23473
chr13	30169269	-1
chr13	31191696	23536,23537,23538
chr13	31192005	23537,23538
chr13	31736105	23552,23553
chr1	33502566	2487
chr13	31736544	23552,23553,23554
chr13	34184699	23635
chr13	37573453	23668,23669,23671
chr13	37574824	23668,23670,23671,23672,23673
chr13	41706982	23756,23757,23758,23759
chr13	45492562	-1
chr13	45563622	23834,23835
chr13	45914825	23842,23843,23844,23846
chr13	50265570	23999
chr13	50366798	24013
chr1	33815684	2515,2516
chr13	53024800	24131,24132
chr13	77903416	-1
chr13	91999947	24297,24298,24299
chr13	92001361	24297
chr13	95953808	24329
chr13	98919502	-1
chr13	99229502	24464,24465,24466
chr13	100741038	24530,24531
chr13	101241106	24541,24542
chr13	108870652	24603,24604
chr1	35325522	2535,2537
chr13	113547323	24770
chr13	113808295	-1
chr13	113863025	24822,24824,24825
chr13	113864332	24822,24824
chr13	114445115	-1
chr14	21152580	24955
chr14	21571908	25022
chr14	21572441	25022,25023
chr14	21777150	-1
chr14	21852167	25067,25069,25070
chr1	35658704	2568,2569,2571
chr14	21924244	25088
chr14	23398564	25362,25363,25364
chr14	23399763	25363,25364
chr14	23426338	25365,25366
chr14	23447056	25371,25373,25374,25375
chr14	23451945	25376,25377,25378,25379,25380
chr14	23476281	25385
chr14	23504147	25391,25392
chr14	23527388	25403
chr14	23538294	-1
chr1	36690534	2672,2673,2674
chr14	23755293	25430
chr14	23790177	25446
chr14	24025193	25499,25501,25502
chr14	24025511	25499,25500,25501,25502
chr14	24105788	25526
chr14	24559906	-1
chr14	24563206	25557,25558
chr14	24563551	25557,25558
chr14	24583077	25562,25563,25565
chr14	24665785	25615,25616,25618
chr1	36866750	2711
chr14	24682314	25624,25625
chr14	24711979	25635
chr14	24740794	25640,25641,25643
chr14	24785546	25669
chr14	24911538	25702,25705
chr14	31677065	25817,25818
chr14	31677402	25817,25819
chr14	31731320	-1
chr14	31889261	25832
chr14	31889932	25831,25832
chr1	37945412	2727
chr14	31926179	-1
chr14	31926627	25837
chr14	32545951	25848,25849
chr14	32672825	25866
chr14	34493662	-1
chr14	34931452	25917
chr14	35761592	25975
chr14	35817030	-1
chr14	35854800	-1
chr14	35873076	25981,25982,25983,25984
chr1	38273468	2762,2763,2765
chr14	35873921	25982,25983,25985
chr14	36295441	26004
chr14	36295953	26005
chr14	38063532	26039
chr14	38064251	26039
chr14	38065485	26038,26040
chr14	39572470	26079
chr14	39644439	26087
chr14	39735817	26099,26101
chr14	45367040	26134
chr1	3237522	-1
chr1	38325481	2769,2770
chr14	50101240	26167,26169
chr14	50155013	26171
chr14	50319481	26196
chr14	55493893	26402,26403,26404,26405
chr14	55518287	26409
chr14	55574671	-1
chr14	58893901	26510,26511,26513,26514
chr14	62162010	26606,26607
chr14	64108406	26648,26649,26650
chr14	64970866	26693,26695
chr1	40042592	2872,2873
chr14	65230638	26716
chr14	65569573	26745
chr14	69251400	-1
chr14	69261277	26861,26862,26863,26864,26865
chr14	74252752	27126
chr14	75643336	27262
chr14	81687399	27435,27436,27437,27438
chr14	81769828	-1
chr14	89883595	27514,27515
chr14	91527507	27579
chr1	40723915	2928,2929
chr14	91580423	27580
chr14	91976909	27608
chr14	93260597	27669
chr14	94489096	-1
chr14	95623524	27804,27806
chr14	95991405	27831
chr14	100680901	-1
chr14	101282438	28028
chr14	101755018	-1
chr14	103012066	-1
chr1	43147825	3049,3050,3051
chr14	104346223	-1
chr14	104347872	-1
chr14	104387926	28362
chr14	105201800	28410
chr14	105202786	28410
chr14	105487786	28480
chr14	105885718	28505,28507
chr15	34394315	28708,28709,28710
chr15	38544149	28764,28766
chr15	41407908	28944,28945,28947
chr1	43148707	3049,3051
chr15	42867502	29120
chr15	48624029	29345,29347,29348
chr15	49462235	29386
chr15	56537488	29640,29642,29643
chr15	57770076	-1
chr15	57770423	-1
chr15	58723884	29711
chr15	63796723	29919,29920
chr15	63893087	29927,29928
chr15	64679998	29982
chr1	43424037	3088,3090
chr15	65337673	30032
chr15	65678087	30063,30064
chr15	66797110	30146,30147,30148,30149
chr15	67354523	30167
chr15	67357818	30168
chr15	68238387	-1
chr15	68521769	30228
chr15	68522458	30227
chr15	70371281	-1
chr15	72523529	30371
chr1	43637925	3095,3096,3097
chr15	75076043	30532
chr15	75135587	30551,30552
chr15	75315928	30581
chr15	75746350	-1
chr15	78730354	30786,30787
chr15	78832693	30798,30799,30800
chr15	80453171	30883
chr15	85524616	31042
chr15	93352570	31378,31379
chr15	93426018	31381,31382,31383
chr1	44445549	3207,3208,3209,3210
chr15	99191656	31439,31440
chr15	100672271	-1
chr15	101810270	-1
chr15	101835477	31585,31586
chr15	101978731	-1
chr15	101979722	-1
chr15	102192556	31608,31609,31610
chr16	128142	31633,31635,31636,31637
chr16	231502	31651
chr16	279405	31657,31658,31659,31660,31661
chr1	44495940	3217,3218
chr16	680886	31759
chr16	771141	31810,31811
chr16	1660807	31945,31948
chr16	1823122	31973,31975,31977,31978
chr16	1823508	31973,31975,31977,31979,31980
chr16	2014800	32011,32012,32013,32014
chr16	2022028	32017
chr16	2203825	32076
chr16	2205311	32074,32075,32076
chr16	2591614	-1
chr1	44749452	-1
chr16	2653363	32166
chr16	3314763	-1
chr16	3767582	32356,32357
chr16	4321361	-1
chr16	4321902	-1
chr16	4664873	32449,32450
chr16	5121851	32517
chr16	8891697	32580,32581,32582
chr16	8957708	32593
chr16	8962544	32595,32596,32597
chr1	3585604	-1
chr1	45097624	3247
chr16	11391087	-1
chr16	11405836	-1
chr16	11669843	-1
chr16	11837564	32742
chr16	12009147	-1
chr16	12009814	32782
chr16	12191609	-1
chr16	12305511	-1
chr16	12354693	-1
chr16	12383367	-1
chr1	45187425	3259
chr16	12707361	-1
chr16	12897470	-1
chr16	12897846	32809
chr16	14396853	-1
chr16	14595572	-1
chr16	15188230	32892,32893
chr16	15871858	32957
chr16	18812838	33005
chr16	19106500	-1
chr16	19729510	33089,33090
chr1	45273190	3278,3279,3280
chr16	20817763	33138,33139
chr16	21531549	33183
chr16	21531932	33183,33184
chr16	21536862	-1
chr16	22203348	-1
chr16	22203772	-1
chr16	22217532	33226,33227
chr16	22960235	-1
chr16	23160174	-1
chr16	23160894	33268
chr1	45806092	3313,3315
chr16	23521827	33301,33302
chr16	23652254	33322
chr16	23652736	33321,33322
chr16	25269581	33433,33434,33436
chr16	27214852	33448
chr16	28222543	-1
chr16	28223494	33519,33520
chr16	28833959	33547,33549,33552
chr16	28957059	-1
chr16	28962319	33585,33586
chr1	46016481	3328,3329
chr16	29690916	33613
chr16	29721838	-1
chr16	29816890	33625,33627
chr16	29827339	33638,33639,33640
chr16	30007073	33688,33689,33691,33692
chr16	30075451	33714,33715,33716
chr16	30104007	33731,33732,33733
chr16	30406704	33777
chr16	30407053	33777
chr16	30457348	33784,33785
chr1	46769370	3415,3416,3417,3418
chr16	30547187	33805
chr16	30569827	33810
chr16	30669273	33829,33830
chr16	30816889	-1
chr16	30969294	33911,33912,33913
chr16	30996461	33916,33917
chr16	30996966	33917
chr16	31085749	33940,33941,33942,33944,33945,33946
chr16	31153856	-1
chr16	31191510	33966
chr1	46806469	3420,3421,3422
chr16	31192020	33967
chr16	31469525	34001,34002,34004,34006
chr16	31470701	34003,34004,34006
chr16	46917904	34088,34090
chr16	48190824	34151
chr16	53088819	34320
chr16	55657131	-1
chr16	56390460	34464,34465
chr16	56485498	34486,34487
chr16	56642473	34500,34501
chr1	47658285	-1
chr16	56716399	34513
chr16	57338341	-1
chr16	57339148	-1
chr16	57407056	-1
chr16	57481314	34589,34590
chr16	57506061	-1
chr16	57657617	-1
chr16	57669528	-1
chr16	57770592	34647
chr16	57815974	-1
chr1	48331778	-1
chr16	57836912	34660
chr16	57896843	34664
chr16	58426285	34701
chr16	58549356	34726,34727
chr16	58768247	34780
chr16	66550893	-1
chr16	66914756	-1
chr16	67464525	34964,34966
chr16	67596722	34997
chr16	67906975	35046
chr1	53163752	3645
chr16	68027608	35086
chr16	68057148	35089,35090,35091
chr16	68118591	35096,35097,35099
chr16	68292108	35122
chr16	68299281	35124
chr16	68344967	35130,35131
chr16	68820742	-1
chr16	68827014	-1
chr16	69166536	35190,35191,35192,35193,35194
chr16	69220969	35203
chr1	6086264	442
chr1	53169060	-1
chr16	69438563	-1
chr16	69760445	35259,35260
chr16	70285174	35296,35297
chr16	70285842	35296,35297,35298,35299
chr16	70380777	35309,35310
chr16	70462724	-1
chr16	70557772	35344,35345,35346
chr16	70745486	-1
chr16	70758270	-1
chr16	70759305	-1
chr1	54304219	3725
chr16	70780399	-1
chr16	70781148	-1
chr16	71323365	35419
chr16	71843075	35471
chr16	72911649	35551
chr16	72912370	35551
chr16	72959026	-1
chr16	72959445	-1
chr16	73104616	-1
chr16	73105296	-1
chr1	55326763	-1
chr16	74734537	-1
chr16	75466942	35677,35679
chr16	79598688	-1
chr16	81485882	-1
chr16	81490694	-1
chr16	81582989	-1
chr16	83986678	35927
chr16	84175044	-1
chr16	84732975	36025
chr16	84733427	36025
chr1	56974397	-1
chr16	85456575	-1
chr16	85482632	-1
chr16	85558174	-1
chr16	85558639	-1
chr16	87417550	36167,36168
chr16	87799592	36210
chr16	87811681	-1
chr16	87823341	-1
chr16	87984631	36229
chr16	88519095	36248
chr1	57284647	-1
chr16	88554542	-1
chr16	88555078	-1
chr16	88637245	36260
chr16	88717448	36272
chr16	88772908	36285,36286,36287
chr16	88830133	-1
chr16	88923455	36316,36317
chr16	89257792	-1
chr16	89258836	-1
chr16	89307338	-1
chr1	62889688	-1
chr16	89313711	36371
chr16	89787375	36443,36444,36445,36446,36448,36449,36450
chr16	89883036	36462,36463,36464
chr16	89889062	-1
chr16	89904320	-1
chr16	89905173	-1
chr16	89984426	36490,36491,36492
chr16	89985169	36491,36492
chr17	635853	36564,36565,36566
chr17	685563	36578,36579,36580
chr1	62902578	3967
chr17	899906	36591
chr17	900308	36591
chr17	1303455	36626
chr17	1627972	36710
chr17	1639930	36720
chr17	1665204	36730,36731
chr17	1666519	-1
chr17	1933411	36756
chr17	2302988	36826
chr17	2304418	36827
chr1	67896234	4121,4122
chr17	2415140	36836,36837
chr17	2615061	36869,36870
chr17	3907990	36958
chr17	4458666	37001,37002
chr17	4635155	-1
chr17	4853235	37063,37064,37065,37067,37068,37069,37070
chr17	4871178	37074,37076,37077
chr17	6347547	37188,37189
chr17	7082717	37256,37257
chr17	7137956	37282
chr1	75198852	4201,4202
chr17	7146366	37290,37291,37293
chr17	7155846	37296,37298,37299
chr17	7184820	37305
chr17	7211615	37309
chr17	7298054	37336,37337,37338
chr17	7386752	37375
chr17	7590866	37462,37464,37465,37466,37467
chr17	7591655	37462,37464,37466,37467
chr17	7739057	-1
chr17	7747462	37481
chr1	76251783	4215,4216,4217,4218
chr17	7761265	37487,37489,37490,37491,37492
chr17	8286449	37589,37590,37591
chr17	14276691	37718
chr17	15903097	37748,37749,37750
chr17	16120496	37792,37793
chr17	16201087	-1
chr17	17109806	37847
chr17	17495006	37880
chr17	17991192	37932
chr17	19240604	38030
chr1	6454189	501,502
chr1	78148635	4252
chr17	19266026	38031,38032
chr17	21189897	38118
chr17	25887087	38151
chr17	26645926	38164
chr17	27071078	38263
chr17	27230149	38279,38280
chr17	27279408	38293,38294
chr17	27918285	38393,38395
chr17	27918831	38396
chr17	28671962	-1
chr1	90288770	4437
chr17	30669225	38560
chr17	33307460	38622
chr17	33469319	38646
chr17	34890825	38706,38707,38708,38710
chr17	34891319	38706,38707,38709,38710,38711
chr17	35715509	-1
chr17	36103550	38794
chr17	36452987	38802
chr17	36571912	-1
chr17	36769691	-1
chr1	93416890	-1
chr17	36770377	-1
chr17	36886431	38862,38864,38865
chr17	36902845	38871
chr17	36908750	38874
chr17	36955942	38880,38881,38882
chr17	37010019	38887,38888
chr17	37026277	38890
chr17	37356603	38925,38926,38927
chr17	37851981	-1
chr17	37886718	39001
chr1	93544681	4522
chr17	38083888	39025,39026,39027,39028
chr17	38255392	-1
chr17	38264602	-1
chr17	38501453	39120,39121
chr17	38509313	-1
chr17	39845766	39271,39272,39273,39275
chr17	40021743	39314
chr17	40306137	-1
chr17	40463736	-1
chr17	40636673	-1
chr1	94057418	4571
chr17	40688136	39452,39453
chr17	40688627	39454,39455
chr17	40811156	39496,39497
chr17	40984425	39544
chr17	40985391	39544,39545
chr17	41400291	-1
chr17	41400739	-1
chr17	41401075	-1
chr17	41534398	-1
chr17	42186189	-1
chr1	94083277	-1
chr17	42277462	39718,39719,39720
chr17	42402257	39757,39758,39759
chr17	43250196	39900,39901
chr17	44013427	-1
chr17	44271582	40029,40030,40032
chr17	44343768	40035
chr17	44847904	40067
chr17	45307301	-1
chr17	45569970	40118
chr17	45727314	40129,40130
chr1	95392655	4630,4632,4633,4634
chr17	45728166	40129,40131,40132
chr17	46018705	40184,40185
chr17	46126429	40201,40204
chr17	46970143	40291,40292,40293
chr17	46985757	40296
chr17	47072891	40312
chr17	47073429	40311,40312
chr17	47269431	-1
chr17	47647566	-1
chr17	47754885	-1
chr1	100503545	4677
chr17	48226404	-1
chr17	48474910	40502
chr17	48556223	40508,40509
chr17	48556963	40509
chr17	48784684	-1
chr17	48785269	40554
chr17	49022143	40584
chr17	49199294	40606,40607
chr17	49244090	40616,40618
chr17	53046032	40656,40657,40658
chr1	101491367	4708,4709
chr17	53363394	-1
chr17	53364466	40670
chr17	55162645	40719,40720,40721
chr17	55163815	40719
chr17	55638961	40744
chr17	55938611	40764
chr17	56084001	40787,40788,40789,40790
chr17	56084613	40787,40788,40789,40791
chr17	56494955	40839,40840,40841
chr17	56769966	40868,40869
chr1	101491681	4708,4710
chr17	57444350	-1
chr17	57696914	40915,40917
chr17	57697221	40915,40916,40917
chr17	58469837	40992
chr17	58754779	41012
chr17	61655964	-1
chr17	61819779	41197
chr17	61920079	41245
chr17	62224554	-1
chr17	62501696	41300,41301,41302
chr1	6761925	572
chr1	109642862	4785,4786
chr17	62502411	41300,41301,41302
chr17	62502873	41301,41302
chr17	63558259	41360
chr17	64196976	-1
chr17	65241448	41421,41422
chr17	66016136	-1
chr17	66287619	41510,41511
chr17	66374489	-1
chr17	66379773	-1
chr17	66380159	-1
chr1	109643246	4786
chr17	70409482	-1
chr17	70497614	-1
chr17	70498978	-1
chr17	70628567	-1
chr17	71088833	41628
chr17	71306930	-1
chr17	72427482	41715,41716
chr17	72427861	41716,41717
chr17	72746968	-1
chr17	72787791	-1
chr1	109841408	-1
chr17	72957001	41773,41774
chr17	73029983	-1
chr17	73030591	-1
chr17	73031285	-1
chr17	73043302	41790,41791
chr17	73127618	41807
chr17	73267381	41839,41840,41841,41842
chr17	73749916	-1
chr17	73781171	-1
chr17	73843364	41966,41967
chr1	110162376	4868,4869
chr17	73857579	-1
chr17	73872860	41975,41977
chr17	73874871	41977,41978,41979
chr17	73901062	41986
chr17	74068725	42016
chr17	74379141	42065,42067,42068,42070,42072
chr17	74553861	42113,42114
chr17	74733365	42144,42147,42148,42150
chr17	75084788	42168,42169
chr17	75282757	42193,42194,42195
chr1	110881421	4945,4947,4948
chr17	76123529	42273
chr17	76183443	42296,42297
chr17	76250686	42308
chr17	76417821	42322
chr17	76836062	42360,42361,42363
chr17	76836901	42361,42362,42363
chr17	76837258	42361,42362,42363
chr17	76975978	42382
chr17	77023738	42395
chr17	77734324	-1
chr1	111991863	5010,5011,5012,5013,5014
chr17	77770808	42441
chr17	77818912	-1
chr17	77967565	42465,42466
chr17	78428498	42554
chr17	79197199	42634,42635
chr17	79213160	42640,42641,42642,42643
chr17	79371317	42670,42671
chr17	79632881	42714,42716,42717
chr17	79670465	42725,42726,42727
chr17	79818411	42744,42745,42746
chr1	113498513	5118
chr17	79819001	42744,42745,42746
chr17	79829352	42750,42751
chr17	79849775	42757,42758,42759,42760
chr17	79868442	42767
chr17	79924960	42798
chr17	79925874	42798
chr17	79934651	42799,42800,42801
chr17	79935457	42799,42800,42801
chr17	79950319	42803
chr17	79950770	42803
chr1	113498975	5117,5118
chr17	79953233	42804,42805,42806,42807
chr17	79957594	42808
chr17	79958255	42808
chr17	79958834	42808
chr17	80023720	42843,42844
chr17	80056448	42865,42867
chr17	80060916	-1
chr17	80170746	42874,42875
chr17	80174428	-1
chr17	80376474	42921,42922,42923
chr1	115300206	5238
chr17	80696300	-1
chr17	80709894	42986
chr18	12376891	-1
chr18	12420460	43338,43339
chr18	12948480	43368,43369
chr18	13179741	-1
chr18	20721776	-1
chr18	30384668	-1
chr18	46308038	-1
chr18	48724637	43928,43929
chr1	118472429	5330,5331
chr18	51795787	43935
chr18	74204913	44200,44202
chr18	77439328	44260,44262,44263
chr18	77693942	-1
chr18	77725773	44279
chr18	77794756	44283,44285
chr19	738754	44383,44384
chr19	797770	44393,44394
chr19	917222	44430,44431
chr19	980672	-1
