chr1	16302134	-1
chr1	16302158	-1
chr1	145507597	5429,5430,5431,5432
chr16	74330417	35574
chr16	74330622	35573,35574
chr16	88729567	36276,36277
chr16	88729632	36276,36277
chr16	88729778	36276,36277
chr17	7387240	37375
chr17	7387249	37375
chr17	7387772	37374,37375
chr17	27278745	38290,38291,38293,38294,38295
chr17	27279406	38293,38294
chr1	145507779	5429,5430,5431,5432,5433
chr17	27279415	38293,38294
chr17	38083184	39025,39028
chr17	38083191	39025,39028
chr17	38083904	39025,39026,39027,39028
chr17	39845044	39270,39271,39272,39273
chr17	39845058	39270,39271,39272,39273
chr17	39845638	39271,39272,39273,39275
chr17	74733460	42144,42147,42148,42150
chr17	74733478	42144,42147,42148,42150
chr17	74734101	42144,42147,42149,42150
chr1	147994207	-1
chr18	32508586	-1
chr18	32508595	-1
chr18	32509491	-1
chr19	489056	44318
chr19	489076	44318
chr19	489316	44318
chr19	3185599	44858,44859
chr19	3185619	44858,44859
chr19	3185827	44859,44860
chr19	6737270	45313,45314
chr1	147994242	-1
chr19	6738154	45313,45314,45315,45316
chr19	6738171	45313,45314,45315,45316
chr19	10362878	45646
chr19	10362901	45646
chr19	10363102	-1
chr19	17420134	46493
chr19	17420671	-1
chr19	17420680	-1
chr19	42363738	47945,47946,47947
chr19	42364171	47945,47946,47947
chr1	147994452	-1
chr19	42364188	47945,47946,47947
chr19	42748754	48013
chr19	42748850	48013
chr19	42748958	48013
chr19	56111015	49568,49569,49570
chr19	56111033	49568,49569,49570
chr19	56111620	49569,49570,49572
chr2	3381172	-1
chr2	3381174	-1
chr2	3381657	49994,49995
chr1	151137995	5701,5703
chr2	27603343	50930,50931,50932,50933
chr2	27603714	50932,50933
chr2	27603731	50932,50933
chr2	63815680	52322,52323,52324
chr2	63815695	52322,52323,52324
chr2	63815901	52322,52324
chr2	63816106	52322,52324
chr2	74729632	52992,52995,52996
chr2	74729646	52992,52995,52996
chr2	74730208	52993,52995,52996
chr1	151138009	5701,5703
chr2	86422089	53312
chr2	86422760	53311,53312
chr2	86422763	53311,53312
chr2	105953745	53990,53991,53992
chr2	105953754	53990,53991,53992
chr2	105953953	53990,53991,53992
chr2	172290579	55773,55774,55775
chr2	172291083	55773,55774,55776
chr2	172291098	55773,55774,55776
chr2	190648279	56481,56482,56483,56485,56487
chr1	151138474	5701,5702,5703
chr2	190648299	56481,56482,56483,56485,56487
chr2	190649136	56481,56482,56484,56486,56487
chr2	230786154	58128
chr2	230787004	58127,58128
chr2	230787007	58127,58128
chr20	26190017	60158,60159
chr20	62667515	62468,62469
chr20	62668058	62469
chr20	62668078	62469
chr21	27107375	62582,62583
chr1	202311058	7695
chr21	27107379	62582,62583
chr21	27107980	62582,62584
chr21	37432637	62864,62865
chr21	37432656	62864,62865
chr21	37432861	62864,62865
chr21	45432156	63324,63325
chr21	45432642	63324,63326
chr21	45432653	63324,63326
chr22	22020270	64015
chr22	22020292	64015
chr1	202311136	7695
chr22	22020509	64015
chr22	29784349	64477
chr22	29784370	64477
chr22	29784578	64477
chr22	30163061	64511,64512
chr22	30163083	64511,64512
chr22	30163306	64511,64512
chr3	12883076	66517,66518,66519
chr3	12883082	66517,66518,66519
chr3	12883292	66517,66518,66519
chr1	16302593	1138
chr1	202311262	7695
chr3	50388331	68079,68080,68081,68082,68083,68084
chr3	50388392	68079,68080,68081,68082,68083,68084
chr3	50388541	68079,68080,68081,68083,68084
chr3	139062830	70216,70217
chr3	139062839	70216,70217
chr3	139063332	70217
chr4	100484967	73603,73604,73605,73606
chr4	100484980	73603,73604,73605,73606
chr4	100485180	73603,73604,73605,73606
chr5	149829342	77979
chr1	203830711	7847
chr5	149829346	77979
chr5	149829545	77979
chr6	26055892	79842
chr6	26055916	79842
chr6	26056474	-1
chr6	30524563	80225,80227,80228,80230
chr6	30525041	80227,80229,80230
chr6	30525057	80227,80229,80230
chr6	30594755	80246,80247,80248
chr6	30594771	80246,80247,80248
chr1	203830725	7847
chr6	30594954	80247,80248
chr6	35227212	80997,80998
chr6	35227227	80997,80998
chr6	35227893	80997
chr6	53659413	82090,82091
chr6	53659432	82090,82091
chr6	53659639	82091
chr6	108616066	82767
chr6	108616636	-1
chr6	108616655	-1
chr1	203830912	7847
chr6	146285313	83921
chr6	146285359	83921
chr6	146285517	83921
chr6	160210736	84474,84475,84476,84478,84479
chr6	160211389	84475,84477,84478,84479
chr6	160211405	84475,84477,84478,84479
chr7	11012881	85435,85436
chr7	11013499	85436
chr7	11013532	85436
chr7	134855355	88592,88593
chr10	12237939	9641,9642,9643
chr7	134855429	88592,88593
chr7	134855644	88592,88593
chr8	17941670	89822,89823,89824,89826
chr8	17941680	89822,89823,89824,89826
chr8	17942457	89822,89823,89825,89826
chr9	101984257	94284,94285,94286,94288,94289,94290
chr9	101984276	94285,94286,94288,94289,94290
chr9	101984467	94285,94286,94288,94289,94290
chr9	116036926	94670,94671
chr9	116037895	94669,94670,94671
chr10	12237951	9641,9642,9643
chr9	116037898	94669,94670,94671
chrX	2548094	-1
chrX	2548641	-1
chrX	2548660	-1
chrX	2548865	-1
chr10	12238153	9641,9642,9643
chr10	35625322	10239,10240,10241
chr10	35625336	10239,10240,10241
chr10	35625537	10239,10240,10241
chr1	28974680	-1
chr10	43950973	-1
chr10	43950985	-1
chr10	43951188	-1
chr10	74086624	-1
chr10	74086692	-1
chr10	74086859	-1
chr10	75503784	11037
chr10	75503797	11037
chr10	75503987	11036,11037
chr10	76586390	11135
chr1	28975253	-1
chr10	76586666	-1
chr10	76586671	-1
chr10	127511886	13040,13041
chr10	127511905	13040,13041
chr10	127512090	13040,13041
chr11	64863592	15833,15834
chr11	64863640	15833,15834
chr11	64863869	15833,15834
chr11	65769707	16078,16079,16080,16081
chr11	65769714	16078,16079,16080,16081
chr1	28975269	-1
chr11	65769906	16078,16079,16080,16081
chr11	66206343	16169
chr11	66206356	16169
chr11	66206542	16169
chr11	71639544	16612,16613
chr11	71639608	16612,16613
chr11	71639747	16612,16613
chr12	6798547	18921,18922,18923
chr12	6798555	18921,18922,18923
chr12	6798761	18921,18922,18923
chr1	44435506	3201,3202
chr12	7079305	19023,19025
chr12	7079320	19023,19025
chr12	7079945	19023,19024,19025
chr12	48499893	19872,19873
chr12	48499913	19872,19873
chr12	48500107	19872
chr12	53845789	20461
chr12	53845801	20461
chr12	53846307	-1
chr12	95466823	-1
chr1	44435517	3201,3202
chr12	95467352	21644
chr12	95467372	21644
chr14	24701561	25630,25631,25632,25633,25634
chr14	24701577	25630,25631,25632,25633,25634
chr14	24701778	25630,25631,25632,25633,25634
chr14	35591245	25970,25971,25972
chr14	35591249	25970,25971,25972
chr14	35591717	25971,25972
chr14	35761584	25975
chr14	35761588	25975
chr1	44435717	3201,3202
chr14	35761788	25975
chr15	35279953	-1
chr15	35280528	28744
chr15	35280559	28744
chr15	72668111	30391,30392
chr15	72668130	30391,30392
chr15	72668313	30390,30391,30392
chr16	2317871	32119,32120,32123
chr16	2317888	32119,32120,32123
chr16	2318070	32119,32120,32121,32123
chr1	145507579	5429,5430,5431,5432
chr16	30710526	33841,33843,33844,33845
chr16	30710545	33841,33843,33844,33845
chr16	30710733	33841,33843,33845
chr16	30933946	33898,33899,33901,33902
chr16	30933948	33898,33899,33901,33902
chr16	30934680	33898,33900,33901,33902
chr16	57768741	34646
chr16	57769257	34646,34647
chr16	57769304	34646,34647
chr16	74330398	35574
