chr1	27018803	-1
chr1	27019632	-1
chr19	18043621	46572
chr19	18043779	46572
chr20	10414884	59639,59641
chr20	10415841	59639,59640,59641
chr20	10415845	59639,59640,59641
chr5	96270932	76501,76502,76503,76505
chr5	96271708	76501,76504,76505
chr5	96271711	76501,76504,76505
chr7	158316161	-1
chr7	158316282	-1
chr1	27019662	-1
chr7	158316793	-1
chr7	158317020	-1
chr9	84304643	93699,93700,93701
chr9	84304658	93699,93700,93701
chr9	84304877	93699,93700
chr9	131419090	95553
chr9	131419115	95553
chr9	131419315	95553
chr14	23504142	25391,25392
chr14	23504177	25391,25392
chr14	23504380	25391,25392
chr16	30933927	33898,33899,33901,33902
chr16	30933943	33898,33899,33901,33902
chr16	30934630	33898,33900,33901,33902
chr19	18043578	46572
