chr1	941026	-1
chr1	941797	34
chr1	8071386	-1
chr1	156308350	6363,6364
chr2	190306212	56442
chr2	198318572	56705
chr2	198364543	56715,56716,56717,56718,56719
chr2	201753928	56852,56853
chr2	201754172	56852,56853
chr2	201754538	56852
chr2	203499718	56999,57000,57002
chr2	203500538	57000,57001
chr2	207024121	57144,57145
chr2	207024395	57144,57145
chr1	156308666	6363
chr2	207024659	57144,57145,57146
chr2	208490323	57199,57200
chr2	208575715	57204
chr2	208576004	57204
chr2	208576310	57204
chr2	209119755	57238,57240
chr2	216235149	57390
chr2	216254224	57407
chr2	216271115	57415,57416
chr2	216271968	57416,57417
chr1	156338120	6365
chr2	216283214	-1
chr2	216288929	57428,57429
chr2	216289135	57428,57429
chr2	216289911	57428,57429,57430
chr2	216290114	57428,57429,57430
chr2	216292991	57431
chr2	216293198	57431
chr2	216293752	57431
chr2	216296673	57432,57433
chr2	216296888	57432,57433
chr1	161190013	-1
chr2	216297868	57433
chr2	219188324	-1
chr2	219265947	57614,57616,57617,57618
chr2	219433026	57636,57637
chr2	219433358	57636,57637
chr2	219433629	57636,57637
chr2	220362810	57824,57825,57827,57828
chr2	220363383	57824,57826,57827,57828
chr2	220363645	57824,57826,57827,57828
chr2	230786045	58128
chr1	161190697	-1
chr2	230786793	58127,58128
chr2	230787036	58127,58128
chr2	231915101	58205
chr2	231915305	58205
chr2	231916075	58205
chr2	231917046	-1
chr2	232318448	-1
chr2	241499771	58711,58712
chr2	241500132	58712
chr2	241500453	58713
chr1	161191315	-1
chr2	241500735	58713,58714
chr2	241525714	58722,58723,58725
chr2	241525969	58722,58723,58724,58725
chr2	241526703	58722,58724
chr2	242674084	58932,58933
chr2	242710889	58946
chr20	305069	58988,58990
chr20	305276	58988,58990,58991
chr20	305904	58988,58989,58990,58991
chr20	327751	58993,58995,58996,58998
chr1	167905927	6871,6873
chr20	328327	58995,58997,58998,59000,59001
chr20	328647	58995,58997,58998,58999,59000,59001
chr20	328958	58995,58997,58999,59000,59001
chr20	2082667	59124,59126
chr20	2082961	59125,59126
chr20	2083322	59125,59126,59127
chr20	3388767	59283
chr20	10415366	59639,59640,59641
chr20	18488046	59838
chr20	18488253	59838
chr1	169454543	6926
chr20	18488597	59838
chr20	22410997	-1
chr20	22493434	-1
chr20	30160604	60190
chr20	30160873	60190
chr20	30161238	60189,60190
chr20	30193125	60193
chr20	30193801	-1
chr20	30194009	-1
chr20	31614198	-1
chr1	169455176	6925,6926
chr20	34204966	60607,60608
chr20	34291031	-1
chr20	34329485	60639
chr20	34330101	60639,60640
chr20	34330619	60640
chr20	35402121	60735
chr20	35402368	60735
chr20	35402657	60735
chr20	43029895	61112
chr20	43030100	61112
chr1	169455394	6925,6926
chr20	43030658	-1
chr20	43030863	-1
chr20	43054052	-1
chr20	44519827	61289,61290,61291,61292,61293
chr20	44563379	61307,61309
chr20	44563642	61308,61309
chr20	44563989	61308
chr20	45986461	61465,61466,61467,61468
chr20	48922005	-1
chr20	48922219	-1
chr1	8084526	619
chr1	178694423	7132
chr20	48922837	-1
chr20	48923037	-1
chr20	52210735	61772,61773
chr20	54967218	61806,61807
chr20	54967497	61806,61807
chr20	54967772	61806,61807
chr20	56142651	-1
chr20	56142937	-1
chr20	56143159	-1
chr20	57466515	61952,61953
chr1	179851308	7173,7175
chr20	61425943	62175
chr20	61426886	62175
chr20	61427624	62175
chr20	61427869	62175
chr20	62258012	62349
chr20	62494925	62416,62419
chr20	62495264	62419
chr20	62495595	62417,62419
chr20	62496379	62417,62418,62419
chr20	62587404	-1
chr1	179851619	7173,7174,7175
chr20	62587708	62448
chr20	62587986	62448,62449
chr20	62668209	62469
chr20	62673146	62471
chr21	30396774	62615,62616
chr21	30397061	62616
chr21	30397353	-1
chr21	34914572	62753,62754,62756
chr21	34915114	62753,62754,62755,62756
chr21	34915376	62753,62755,62756
chr1	179851976	7174,7175
chr21	44527882	63239,63240
chr21	44528637	63239
chr22	18121301	63660
chr22	18121510	63660
chr22	18122297	-1
chr22	19842568	63799,63800,63801
chr22	24239726	-1
chr22	24240084	-1
chr22	24240370	-1
chr22	24240657	-1
chr1	182261549	-1
chr22	25843292	64315
chr22	25843904	64315
chr22	25844114	64315
chr22	29137781	64414,64415,64417
chr22	29138071	64414,64415,64417
chr22	29138382	64414,64416,64417
chr22	29196505	64425,64426,64427
chr22	29196779	64425,64426,64427
chr22	29197744	64425,64426,64428
chr22	29198256	64426,64428
chr1	193028484	7447,7448,7449
chr22	29198456	64426,64428
chr22	31742899	64691,64692,64694
chr22	36647968	64892
chr22	36648226	64892
chr22	36648961	64892
chr22	36649167	64892
chr22	39151416	65245,65246
chr22	41809881	-1
chr22	41810094	-1
chr22	41810621	-1
chr1	200860339	7540
chr22	41842788	65479
chr22	41842990	65479
chr22	41843607	65479,65480
chr22	41844264	65479,65480
chr22	41844481	65479,65480
chr22	50353903	65993,65994
chr22	50354140	65993,65994
chr22	50354453	65993,65994
chr3	5020334	66203,66204,66205
chr3	5021203	66203,66205
chr1	200860675	7540
chr3	5026341	-1
chr3	5027316	-1
chr3	9988155	66364,66365
chr3	9988378	66364,66365
chr3	9989098	66365
chr3	11684373	-1
chr3	15643026	66698,66699
chr3	15643321	66698,66699
chr3	15643569	66698
chr3	28282927	66881
chr1	200861018	-1
chr3	31573815	66906,66907,66908
chr3	31574152	66906,66907,66908
chr3	31574423	66906,66908
chr3	39195078	67194,67195
chr3	39195361	67194,67195
chr3	39196075	67194,67195,67196
chr3	39425712	67205,67206
chr3	42846177	67338,67339
chr3	47422267	67581
chr3	47422568	67580,67581
chr1	202054469	-1
chr3	47422907	67580
chr3	48470549	67697
chr3	48471505	67698,67699
chr3	48594825	67724
chr3	48956339	67776,67777
chr3	49711218	67923,67925
chr3	49711508	67923,67924,67925
chr3	49711827	67924,67925
chr3	51976439	68155,68156,68157
chr3	101395320	69083,69084
chr1	8085425	619,620
chr1	202055094	-1
chr3	101395988	69083,69085
chr3	101396251	69083,69085
chr3	113465039	69248,69249,69250
chr3	113465268	69248,69249,69250
chr3	113465974	69248,69249,69250
chr3	119814133	69383,69385,69387
chr3	122102227	69453,69454,69455
chr3	122102872	69453,69454,69455
chr3	122103096	69453,69454,69455
chr3	123303885	69533,69534
chr1	202055377	-1
chr3	123304197	69533,69534
chr3	123304428	69533,69534
chr3	123305148	69533
chr3	125898749	69673,69674
chr3	126242289	69700
chr3	126242495	69700
chr3	126243042	69700
chr3	128839650	69855,69856
chr3	132378632	70011
chr3	132378892	70010,70011
chr1	214162056	8315,8317,8318
chr3	132379210	70010,70011
chr3	133481778	70063
chr3	133482754	70063
chr3	133494283	70071,70072
chr3	133498564	-1
chr3	133498863	-1
chr3	133499063	-1
chr3	133499775	-1
chr3	133499974	-1
chr3	149103593	-1
chr1	230836806	-1
chr3	149103888	-1
chr3	149104216	-1
chr3	149104503	-1
chr3	171527485	70860
chr3	171528224	70858,70859,70860
chr3	171528423	70858,70859,70860
chr3	184080431	71179,71181,71182,71183
chr3	186332556	71286,71287
chr3	186333316	71286,71287
chr3	186334256	71287
chr1	234736430	8943
chr3	186334900	71288
chr3	186335124	71288
chr3	186338010	71290
chr3	186345820	-1
chr3	187468000	-1
chr3	187468263	-1
chr3	187468601	-1
chr3	196689227	-1
chr3	196689433	-1
chr3	196689823	-1
chr1	234736637	8943
chr3	196690086	-1
chr4	667439	71756,71757,71758,71760
chr4	668050	71756,71758,71759,71760
chr4	668336	71756,71758,71759,71760
chr4	3076468	72054,72055
chr4	6675248	72213,72214,72216
chr4	6675566	72213,72215,72216
chr4	6675810	72213,72215,72216
chr4	6895365	72240
chr4	38665836	72626,72627,72628,72629
chr1	234738932	8945,8946
chr4	38666436	72626,72627,72629,72630
chr4	38666747	72626,72627,72629,72630
chr4	41936434	72772
chr4	57302462	72953,72954,72955
chr4	74270095	73110,73111
chr4	74270308	73111
chr4	74271030	73111,73112
chr4	74272396	73112
chr4	74274306	73113,73114,73115
chr4	74274900	73114,73115
chr1	234742092	8947
chr4	74275196	73114,73115
chr4	74275901	73115,73116
chr4	74276101	73115,73116
chr4	74277045	73116
chr4	74277462	73116,73117
chr4	74277841	73116,73117
chr4	74281641	73119,73121
chr4	74282370	73121,73122
chr4	74283265	73120,73121,73122
chr4	74283878	73120,73122,73123,73125
chr1	234742316	8947
chr4	74284666	73120,73123,73125,73126
chr4	74284997	73120,73123,73125,73126,73127
chr4	74285267	73120,73123,73124,73125,73126,73127
chr4	74287566	73128
chr4	74287776	73128
chr4	74288021	73128
chr4	74301985	73130,73131
chr4	74302582	73131
chr4	74302832	73131
chr4	74306672	-1
chr1	234742997	8947,8948
chr4	74307613	73133
chr4	74316390	73136,73137
chr4	74316596	73136,73137
chr4	74317240	73137
chr4	74318480	73138
chr4	74319356	73138,73139,73140
chr4	74322279	-1
chr4	74323981	-1
chr4	74324243	-1
chr4	74324573	-1
chr1	8928312	658,659,660
chr1	234746229	8950,8952
chr4	74324910	-1
chr4	76649580	73188,73189
chr4	76649828	73188,73189
chr4	76650456	73188
chr4	83821646	73391,73392,73393
chr4	83821997	73391,73392,73393,73394
chr4	83822275	73391,73392,73394
chr4	100867735	73614,73615
chr4	100868061	73614
chr4	100868314	73614
chr1	234746468	8952,8953
chr4	113152432	73780,73782
chr4	113152991	73780,73781,73782
chr4	113153275	73780,73781
chr4	114683078	73819
chr4	114683769	73819
chr4	114683977	73819
chr4	122745026	73899
chr4	123843333	73922
chr4	123843658	73920,73922
chr4	123844274	73920,73921,73922
chr1	234747140	8952,8953,8954
chr4	129732264	73977
chr4	129732471	73977
chr4	129733175	73978
chr4	144257365	74098,74099
chr4	144257703	74098,74099
chr4	144258019	74098,74099
chr4	152025963	-1
chr4	152246120	74207
chr4	152246794	74208
chr4	152247090	74208
chr1	234747848	8953,8954
chr4	174256278	74457,74458,74459,74460
chr4	174291144	74461,74462
chr4	174291809	74461,74462
chr4	174292122	74461,74462
chr4	184019334	74524,74526
chr4	184020123	74525,74526
chr4	184020325	74525,74526,74527
chr4	184365256	74541,74542
chr4	184365561	74541,74542
chr4	184365842	74541,74542,74543
chr1	234748758	8954
chr4	186123600	74626
chr5	42799202	-1
chr5	42799527	-1
chr5	42799849	-1
chr5	42800068	75484
chr5	42800986	75484,75485
chr5	55655234	-1
chr5	56205277	75673,75674,75676
chr5	56205604	75674,75675,75676
chr5	56205929	75675,75676
chr1	235010557	-1
chr5	70882369	75919
chr5	70882956	75919
chr5	70883197	75919
chr5	78280849	76157
chr5	78281624	76158
chr5	78281824	76158
chr5	86563704	76314
chr5	89705259	76345
chr5	89705562	76344,76345
chr5	89705880	76344,76345
chr1	235011309	-1
chr5	96270814	76501,76502,76503,76505
chr5	96518936	76514
chr5	96519318	76514
chr5	96519520	76514
chr5	118406279	76771
chr5	118406497	76770,76771
chr5	118406856	76770,76771
chr5	128430168	76874
chr5	128430478	76874
chr5	128430835	76875
chr1	235011535	-1
chr5	130970877	76905
chr5	130971134	76905
chr5	130971448	76905
chr5	134209924	77167
chr5	134210125	77167
chr5	134210773	77168
chr5	137514273	77284,77285,77286,77288,77289
chr5	137514596	77284,77285,77286,77287,77288,77289
chr5	137514864	77284,77285,77287,77288,77289
chr5	139113389	-1
chr1	235111294	-1
chr5	139113603	-1
chr5	139114264	-1
chr5	139781450	77484,77485,77486
chr5	154237341	78183,78184
chr5	154237620	78183,78184
chr5	154237971	78183,78184
chr5	154238218	78184
chr5	162887079	78317,78318,78319,78320
chr5	162887329	78317,78318,78319,78320
chr5	162887693	78317,78319,78320
chr1	235111500	-1
chr5	170814871	78372
chr5	172755634	78466,78467,78469
chr5	179126022	78752,78753
chr6	291942	78930
chr6	292143	78930
chr6	292545	-1
chr6	2246063	79003,79004
chr6	2989857	-1
chr6	5003830	79184
chr6	5004118	79184,79185
chr1	8938703	665,666
chr1	235112111	-1
chr6	5004424	79185,79186
chr6	5004655	79185,79186
chr6	7910377	79310,79311
chr6	11184791	79391
chr6	11219043	-1
chr6	11219243	-1
chr6	11219863	-1
chr6	13574590	79476,79477
chr6	13574874	79476,79477
chr6	13575438	79476
chr1	235491427	8997,8999,9000,9001,9002,9003
chr6	25992722	79833
chr6	25993084	79833
chr6	25993301	-1
chr6	26043635	79841
chr6	26043887	79840,79841
chr6	26044193	79840,79841
chr6	26044528	79840,79841
chr6	26055798	79842
chr6	26056002	79842
chr6	26056584	79843
chr1	235492016	8997,8999,9000,9001,9002,9003,9004
chr6	26123410	79854,79855
chr6	26123798	79854,79855
chr6	26124099	79853,79854,79855
chr6	26124416	79853,79854,79855
chr6	26156646	79857,79858
chr6	26156846	79858
chr6	26157483	79858
chr6	26157748	79858
chr6	26158404	79858
chr6	26158733	-1
chr1	235492266	8997,8999,9000,9001,9003,9004
chr6	26216586	79868,79870
chr6	26216841	79869,79870
chr6	26217201	79869,79870
chr6	26217488	79869
chr6	27100486	79933,79934
chr6	27100875	79933,79934
chr6	27101187	79933
chr6	27775652	79972,79973
chr6	27776361	79972,79974
chr6	27776640	79972,79974
chr1	245005844	9166,9168,9170,9173
chr6	27777886	79974
chr6	27778094	-1
chr6	27778587	-1
chr6	27791888	79977,79978
chr6	27792284	79978
chr6	27792486	79978
chr6	27860923	79992,79993
chr6	27861239	79992,79993
chr6	27861559	79992
chr6	27862452	79992
chr1	245006709	9166,9168,9169,9171,9173,9175
chr6	28303252	80033,80034
chr6	28303531	80033,80034
chr6	28303835	80033,80034,80035
chr6	28864163	-1
chr6	28891006	-1
chr6	28891723	80063
chr6	28891925	80063
chr6	30070039	-1
chr6	30181129	80193
chr6	30181391	80193
chr1	249120070	9273,9274,9275
chr6	30182050	80193
chr6	30692831	80282
chr6	30693030	80282
chr6	30693749	-1
chr6	30710759	80285,80286
chr6	30711002	80285,80286,80287
chr6	30711319	80285,80287
chr6	31620203	80440,80441,80442
chr6	31620472	80441,80442
chr6	31620812	80441,80442
chr1	249120643	9273,9274,9275
chr6	31632955	80446,80448,80450
chr6	31633605	80447,80448,80450
chr6	31633909	80447,80448,80449,80450
chr6	31704488	80479
chr6	33167777	80757,80758,80760,80761
chr6	33168420	80759,80760,80761,80762
chr6	33168688	80759,80760,80761,80762
chr6	34759651	80959
chr6	34759886	80959
chr6	34760635	-1
chr1	249120871	9273,9274,9275,9276
chr6	36645048	81129,81130
chr6	36645638	81129,81130
chr6	41039746	81361
chr6	41040044	81360,81361
chr6	41040739	81360,81361
chr6	43027742	81588,81590,81591,81592,81593
chr6	44041747	81750
chr6	44042342	81751
chr6	44043303	81751
chr6	44043974	81751
chr1	249132200	9277,9279
chr6	44213769	81781,81782,81783,81784
chr6	44214048	81780,81781,81782,81783,81784
chr6	45345307	-1
chr6	45345614	81832
chr6	45345944	81832
chr6	52191759	-1
chr6	74225902	82313
chr6	82957406	82420
chr6	82958059	82420
chr6	82958341	82420
chr1	8938915	665,666
chr1	249132480	9277,9279
chr6	88411944	82530,82531
chr6	108881911	82770,82772,82773
chr6	109703615	82817,82818,82819
chr6	109703835	82818,82819,82820
chr6	109704128	82818,82819,82820
chr6	111805166	82914,82916
chr6	117803657	83077
chr6	131149281	-1
chr6	132268768	-1
chr6	132268984	-1
chr1	249132815	9278,9279
chr6	132269649	83440
chr6	132269923	83440
chr6	132270218	83440,83441
chr6	133140460	-1
chr6	133140916	-1
chr6	133141849	-1
chr6	139094422	83713
chr6	139094753	83712,83713
chr6	139094964	83712,83713
chr6	143381508	83800
chr1	249200240	9283
chr6	143381788	83799,83800
chr6	143382093	83799,83800
chr6	143382659	83799,83801
chr6	146285152	83921
chr6	146285434	83921
chr6	146285708	83921
chr6	155054589	84207,84209
chr6	155646388	-1
chr6	155647219	-1
chr6	155649758	84243
chr1	249200493	9283
chr6	155650449	84243
chr6	155650706	84243
chr6	157342586	84261,84262
chr6	157342827	84261,84262
chr6	157343198	84262
chr6	157952104	-1
chr6	157952406	-1
chr6	157952707	-1
chr6	160114244	84443,84444,84445,84446
chr6	160114625	84443,84444,84445
chr1	249201081	-1
chr6	160114829	84444,84445
chr6	160115455	84444,84445
chr6	160147954	84449
chr6	160148207	84448,84449
chr6	160148566	84448,84449,84450
chr6	160182806	84459,84460,84462,84463
chr6	160183106	84459,84460,84462,84463
chr6	160183343	84459,84461,84462,84463
chr6	160210625	84474,84475,84476,84478,84479
chr6	160210960	84474,84475,84476,84478,84479
chr10	5024229	-1
chr6	160211274	84475,84477,84478,84479
chr6	160211548	84475,84477,84478,84479
chr6	163835130	84586,84587,84589
chr6	167370262	84713
chr6	167371067	84713,84714
chr6	170102247	84848,84849,84851,84852,84853
chr6	170102975	84848,84850,84851,84852,84853
chr6	170103234	84848,84850,84851,84852,84853
chr6	170124901	84861,84862
chr6	170125300	84861,84863
chr10	5024434	-1
chr6	170125595	84861,84863
chr6	170151828	84864,84865
chr7	1017105	85000
chr7	1017400	-1
chr7	1017665	-1
chr7	5465735	85255
chr7	5466573	85255,85257
chr7	5466844	85255,85257
chr7	26228918	85637
chr7	26229519	85637,85638,85639
chr10	5025171	-1
chr7	27161981	85680,85681
chr7	27162208	85680,85681
chr7	27162889	85680
chr7	27779614	85723,85724
chr7	27779822	85723,85724
chr7	27780363	85723
chr7	27780563	85723
chr7	32534829	85860
chr7	32535128	85860
chr7	32535689	85861
chr10	18947439	9799
chr7	32931903	85879,85880
chr7	45928190	86272
chr7	45928421	86273,86274
chr7	45929104	86273,86274
chr7	45929394	86273,86274
chr7	45929970	86273,86274,86275
chr7	45930245	86273,86274,86275
chr7	45933168	86277
chr7	45933920	-1
chr7	45934143	-1
chr10	18948116	9798,9799
chr7	73013840	-1
chr7	73015464	-1
chr7	73015697	-1
chr7	73015973	-1
chr7	73707215	86663
chr7	73707414	86663
chr7	73708030	-1
chr7	91763762	86970,86971,86972
chr7	91763969	86970,86971,86972
chr7	91764252	86970,86971
chr1	8939461	665,666,667
chr10	18948372	9798,9799
chr7	94286667	87065,87067
chr7	94286937	87065,87067
chr7	94287582	87067
chr7	94287790	87067
chr7	100026438	87442,87444,87445,87446
chr7	100026750	87442,87444,87446,87447
chr7	100027086	87442,87444,87446,87447
chr7	100027350	87442,87444,87446,87447
chr7	100165409	-1
chr7	100165691	-1
chr10	27444091	9981,9983,9984
chr7	100166006	-1
chr7	100166275	-1
chr7	100769712	87601
chr7	100770434	87601,87602
chr7	100770636	87602
chr7	100782594	-1
chr7	104653425	87785,87786,87789
chr7	104653701	87785,87786,87789
chr7	104653996	87785,87786,87787,87789
chr7	105162005	-1
chr10	35415559	10229
chr7	105162638	87833,87834
chr7	105162872	87833,87834
chr7	106809490	87889,87890
chr7	138145145	88648,88649
chr7	139044403	88707,88708,88710
chr7	139044703	88707,88708,88710,88711
chr7	139045344	88709,88710,88711
chr7	143579302	-1
chr7	143579553	-1
chr7	143579895	88905
chr10	35415862	10229
chr7	148725566	88951
chr7	148725765	88951
chr7	148726077	88951
chr7	148762429	-1
chr7	148762731	-1
chr7	148762962	-1
chr7	148787819	88952
chr7	148788019	88952
chr7	148788641	88952
chr7	150076119	89053,89054
chr10	35416159	10229
chr7	156407619	-1
chr8	6565649	89514,89515
chr8	6566232	89514,89515
chr8	6566556	89514
chr8	17761483	-1
chr8	17761718	-1
chr8	17762320	-1
chr8	17762569	-1
chr8	17767314	89776
chr8	17767623	89776,89777
chr10	38299405	10263,10264
chr8	17768202	89777
chr8	17773403	89781
chr8	17773668	89781
chr8	17774286	89781
chr8	17780135	89782
chr8	17941580	89822,89824,89826
chr8	17941957	89822,89823,89824,89826
chr8	17942535	89822,89823,89825,89826
chr8	37887801	90471,90472,90473
chr8	37888096	90472,90473
chr10	38299636	10263,10264
chr8	37888473	90472
chr8	37962934	90475,90476,90477
chr8	37963213	90475,90476,90477
chr8	37963500	90476,90477
chr8	42697936	-1
chr8	42698204	90681
chr8	42698658	90681,90682
chr8	48872677	90741,90742,90743,90744
chr8	48872881	90741,90742,90743,90744,90745
chr8	48873231	90741,90743,90744,90745
chr10	38300132	10264
chr8	48873517	90741,90743,90744,90745
chr8	62627032	90905
chr8	62627352	90905
chr8	62627557	90905
chr8	67579414	90962,90963,90964,90965,90966
chr8	121822263	91768,91769
chr8	121822562	91768,91769
chr8	121823251	91768,91769
chr8	121823523	91768,91769
chr8	128747728	91931,91932,91933
chr10	38645011	10269
chr8	128748369	91933,91934
chr8	128748572	91933,91934
chr8	129569119	-1
chr8	129569390	-1
chr8	129569651	-1
chr8	145654067	92540,92542
chr8	145733719	92573,92574
chr8	145734323	92573,92574
chr8	145734534	92573,92574
chr8	146013726	92593,92594
chr10	51564389	10436
chr9	683358	92647
chr9	6681226	92826,92827
chr9	6681487	92826,92827
chr9	6681792	92826,92827
chr9	19230217	92931,92932
chr9	19230553	92931,92932
chr9	19230805	92931
chr9	34048855	93131
chr9	34049060	93131,93132
chr9	34049593	93131,93132
chr1	9293653	685
chr10	51591585	-1
chr9	35071954	-1
chr9	35072605	93220
chr9	35072851	93220
chr9	35814437	93333
chr9	35815019	93334
chr9	35815296	93334,93335
chr9	73035005	93580
chr9	79009305	93655
chr9	79009535	93655
chr9	79010109	93655
chr10	51591943	-1
chr9	93955414	-1
chr9	93956002	-1
chr9	93956279	-1
chr9	98079156	-1
chr9	98079462	94099
chr9	98079797	94099,94100
chr9	98080164	94099,94100
chr9	104172451	-1
chr9	104172690	-1
chr9	104173450	-1
chr10	51592191	10451
chr9	131446690	95556
chr9	131446889	95556
chr9	131447244	95556
chr9	135905815	95981,95982
chr9	135906119	95981,95982
chr9	135906423	95981,95982
chr9	138886081	-1
chr9	139011460	96220,96222
chr9	139012376	96220,96223
chr9	139683428	-1
chr10	52384252	10467,10468,10469,10470
chr9	139685857	96334,96335
chr9	139691651	-1
chr9	139693560	96337,96338,96339
chr9	139693761	96337,96338,96339
chr9	139694532	96339
chr9	139694852	96339
chr9	139742403	96358,96359,96360
chr9	139743283	96359,96360
chr9	139743634	96360
chr9	139743912	96360
chr10	71992432	-1
chrX	48535024	-1
chrX	134477918	97651,97653,97654
chrX	134478191	97653,97654
chrX	134478542	97653,97654
chr10	71993144	10823
chr10	71993415	10823
chr10	74034832	-1
chr10	74035112	-1
chr10	74035343	-1
chr1	9294333	685
chr10	75910495	11122,11123
chr10	75910757	11122,11123
chr10	75911023	11122,11123
chr10	88280850	11419,11420
chr10	88281499	11418,11419,11420
chr10	88281776	11418,11419,11420
chr10	89622268	11478,11480,11481
chr10	89623072	11479,11480,11481
chr10	91404110	11533,11534
chr10	95361008	11657,11658
chr1	9294605	685
chr10	102106317	12042,12043
chr10	102133099	12050
chr10	102133392	12050
chr10	102133727	-1
chr10	105127575	12366
chr10	105127780	12366
chr10	105128359	-1
chr10	111767413	12461,12462,12464
chr10	111767750	12461,12462,12464
chr10	111768014	12463,12464,12465
chr1	942000	34
chr1	9294892	685
chr10	131908733	13089,13090
chr10	131908934	13088,13089,13090
chr10	131909611	13088,13089,13090
chr11	809176	13349,13351,13353
chr11	809449	13349,13350,13351,13353
chr11	809975	13350,13352,13353
chr11	2008934	-1
chr11	2009575	-1
chr11	2010302	13527
chr11	2152266	13531,13533,13534
chr1	16161020	-1
chr11	2152938	13533,13534
chr11	2153147	13533,13534
chr11	2155100	13535,13536
chr11	2157548	13537,13538
chr11	2158162	13537,13538,13541
chr11	2158465	13537,13538,13539,13541
chr11	2158765	13538,13539,13541
chr11	2159167	13538,13539,13540,13541,13543
chr11	2159513	13539,13540,13541,13543
chr11	2159825	13539,13540,13541,13543,13545
chr1	16161293	1110
chr11	2160454	13539,13540,13542,13543,13545
chr11	2752283	-1
chr11	2753049	-1
chr11	9482133	13921,13922,13923
chr11	9482739	13921,13922,13923
chr11	9482949	13921
chr11	45939454	14767,14768
chr11	45939688	14767,14768
chr11	45940340	14768,14769
chr11	46765705	-1
chr1	16161656	1110
chr11	47291492	14929
chr11	57283152	15058,15059
chr11	61129331	15268,15269,15270
chr11	61129558	15268,15269,15270
chr11	61129906	15269,15270,15271
chr11	61197027	15285,15287
chr11	61197358	15285,15286,15287
chr11	61197636	15285,15286,15287
chr11	62495202	15495,15496,15497
chr11	63687042	-1
chr1	20812644	1438,1440
chr11	63687742	15609
chr11	63687941	15609
chr11	64009158	15658,15659,15660
chr11	64660892	15796
chr11	64661109	15796
chr11	64661778	15796
chr11	65186166	-1
chr11	65186471	-1
chr11	65186752	-1
chr11	65188834	15903
chr1	20813237	1440
chr11	65189034	15903
chr11	65189596	15903
chr11	65190308	15902,15903
chr11	65190546	15902,15903
chr11	65191921	15902
chr11	65192125	15902
chr11	65192921	15904,15905
chr11	65193856	15904,15905
chr11	65195285	15906,15907
chr11	65195908	15906,15907
chr1	20813468	1440
chr11	65196118	15906,15907,15908
chr11	65202935	15912
chr11	65381886	15985,15986,15988,15990
chr11	65382836	15986,15987,15988,15990,15992
chr11	65383204	15986,15987,15988,15990,15992
chr11	66080463	-1
chr11	68065664	16441
chr11	68065924	16441
chr11	68066597	-1
chr11	77705681	17062
chr1	21113435	1487
chr11	77705921	17062
chr11	77706221	17062
chr11	82611667	17110,17112
chr11	82612606	17110,17111,17112
chr11	82868224	17133,17134
chr11	93462456	-1
chr11	93474652	17281,17282,17283,17284
chr11	93474883	17281,17282,17283,17284
chr11	93475249	17281,17283,17284
chr11	116704762	17708
chr1	21113745	1487,1488
chr11	116704969	17708
chr11	116705666	17708
chr11	129872304	18448,18449,18451
chr11	129872555	18448,18449,18450,18451
chr11	129872909	18448,18450,18451
chr12	3982235	18758
chr12	3982531	18758,18759
chr12	3982741	18758,18759
chr12	6602378	18850,18851,18852,18854
chr12	6602593	18850,18851,18852,18854
chr1	21114051	1487,1488
chr12	6603307	18850,18851,18853,18854
chr12	6642775	18865,18866
chr12	6643050	18865,18866
chr12	6643705	18865,18866
chr12	9266069	19170,19171,19172
chr12	11323826	19229,19231
chr12	11324157	19230,19231
chr12	11324380	19230,19231
chr12	12764581	19287
chr12	12764831	19287
chr1	2344312	317,318
chr1	23751158	1677
chr12	12765515	-1
chr12	46751477	19790
chr12	46751828	19790
chr12	46752059	19789,19790
chr12	46752674	19789
chr12	46752985	19789
chr12	46753330	19789
chr12	46753892	19789
chr12	46757876	19792,19793,19794
chr12	46758221	19792,19793,19794,19795
chr1	24126236	1717,1718
chr12	46759044	19794,19795,19796
chr12	46759911	19795,19796,19797
chr12	50221598	20087
chr12	50222182	20086,20087
chr12	50222408	20086,20087
chr12	51419572	-1
chr12	51420143	20190
chr12	51420384	20190
chr12	53342914	20353,20355
chr12	53343255	20355
chr1	24349305	-1
chr12	53343607	20354,20355
chr12	53399936	20359,20360,20361
chr12	53400261	20358,20359,20360,20361
chr12	53400608	20358,20360,20361
chr12	53400870	20358,20360,20361
chr12	53496307	20398
chr12	53497106	20398
chr12	53497306	20398
chr12	54673761	20547,20548,20549
chr12	56224311	20621,20623,20624,20625
chr1	28573076	-1
chr12	56473989	20674
chr12	56474791	-1
chr12	56475712	-1
chr12	56498075	20687,20688
chr12	57030090	20817,20818
chr12	57030302	20817,20818
chr12	57030913	20818,20819
chr12	57521256	20884
chr12	57521521	20884
chr12	57521795	20884
chr1	28573714	-1
chr12	57522046	20884
chr12	67662563	21233
chr12	67662890	21233
chr12	67663182	21233
chr12	69726061	21300
chr12	69726383	21300
chr12	69726670	21300
chr12	69726977	-1
chr12	69742480	21302
chr12	69743310	21302
chr1	28573990	-1
chr12	69743973	21302
chr12	69744226	21303
chr12	76421547	21411,21412
chr12	76425643	21415,21416
chr12	95466761	-1
chr12	95467001	-1
chr12	95467309	21644
chr12	99038517	21723,21724
chr12	99038763	21723,21724
chr12	99039069	21723,21724
chr1	28904570	-1
chr12	102091484	21803
chr12	104531935	21879
chr12	107349704	21967,21968,21969
chr12	107350433	21967,21969
chr12	107350634	21967,21969
chr12	110906030	22214,22215
chr12	110906276	22214,22215
chr12	110907005	22214
chr12	112451251	22296,22297,22298
chr12	121124134	22619,22620
chr1	28905437	-1
chr12	121124420	22619,22620
chr12	121124742	22619,22620,22621
chr12	121124991	22620,22621
chr12	121417320	-1
chr12	125401763	23060,23061
chr13	21141080	23312
chr13	21141410	23312
chr13	21141627	-1
chr13	28024148	23464
chr13	28024407	23464
chr1	29062850	2151,2154,2155
chr13	28024782	23464,23465
chr13	41634658	23745,23746,23748
chr13	41635510	23746,23747,23748
chr13	45908991	-1
chr13	52158641	24085
chr13	53226397	24143,24144
chr13	53226715	24143,24144
chr13	53226982	24143,24144
chr13	60970405	24152,24153
chr13	60970627	24152,24153
chr1	29063140	2150,2151,2154,2155
chr13	60971248	24153
chr13	98085172	24391,24392
chr13	98085785	24391,24392
chr13	98086095	24390,24391,24392
chr13	98918826	-1
chr13	99852924	24487,24488
chr13	99853158	24487,24488
chr13	99853752	24487
chr13	103248777	24561
chr13	103249147	24560,24561
chr1	2344543	317
chr1	29063509	2150,2151,2154,2155
chr13	103249360	24560,24561
chr13	111364697	24667,24668,24669,24671
chr13	111364930	24667,24668,24669,24671
chr13	111365625	24667,24669,24671,24673
chr13	113780190	-1
chr13	113780951	-1
chr13	113781152	-1
chr13	114103390	24848
chr13	114103746	24848
chr13	114103952	24848
chr1	32715899	2379
chr14	21154858	-1
chr14	21672382	25028,25029,25030,25031
chr14	21709896	-1
chr14	21710095	-1
chr14	21710893	-1
chr14	21944745	25091,25093
chr14	21945049	25091,25092,25093
chr14	21945389	25092,25093
chr14	23341057	25337,25338
chr14	23436555	-1
chr1	36235036	-1
chr14	23437514	-1
chr14	23563955	25411,25413
chr14	23564275	25412,25413
chr14	23564801	25412,25413,25414
chr14	23771261	25435,25437
chr14	23790144	25446
chr14	23790395	25446
chr14	23791018	-1
chr14	23791263	25447
chr14	24049765	25521,25522
chr1	36235240	-1
chr14	24049992	25522
chr14	24050340	25522
chr14	24051089	-1
chr14	24052620	-1
chr14	24053022	-1
chr14	24053234	-1
chr14	24113073	25532,25533
chr14	24114020	25532,25533
chr14	24114653	25533
chr14	24114958	-1
chr1	36235555	2627
chr14	24565020	25557,25559
chr14	24583069	25562,25563,25565
chr14	24583722	25563,25565
chr14	24583923	25563,25565
chr14	24584558	25564,25565,25566
chr14	24607192	25578,25579
chr14	24607517	25578,25579
chr14	24607716	25578,25579
chr14	24608459	25579
chr14	24610117	-1
chr1	40505818	2898,2899
chr14	24610788	25580
chr14	24611078	25580
chr14	24615798	25581,25582,25583,25584,25586,25587
chr14	24616106	25581,25582,25583,25584,25586,25587,25588
chr14	24616461	25581,25582,25583,25585,25586,25587,25588
chr14	24616720	25581,25582,25583,25585,25586,25587,25588
chr14	24911619	25702,25705
chr14	24911920	25704,25705
chr14	24912205	25704,25705
chr14	31494892	25790,25792
chr1	40506088	2899
chr14	31495574	25791,25792
chr14	31495877	25791,25792
chr14	34801432	-1
chr14	34801707	-1
chr14	34802027	-1
chr14	35451675	25956,25957,25958
chr14	35451992	25956,25957,25958
chr14	35452250	25956,25958
chr14	35591173	25970,25972
chr14	35591449	25971,25972
chr1	40506437	2899
chr14	35591778	25971,25972
chr14	39735915	26099,26101
chr14	39736277	26100,26101
chr14	39736585	26100,26101
chr14	39901366	26112,26113,26115
chr14	39901926	26113,26114,26115
chr14	39902227	26113,26114
chr14	45366553	26133
chr14	45366857	26134
chr14	45367133	26134
chr1	44115513	3175,3176,3177
chr14	45603378	26149
chr14	45603659	26147,26149
chr14	45603919	26147,26149
chr14	50234876	26174,26176,26177
chr14	51411135	26267
chr14	58710743	26491
chr14	58711363	26491
chr14	58711625	26491
chr14	64970373	26693,26695
chr14	64970706	26693,26695
chr1	44115863	3175,3176,3177
chr14	64971318	26693,26694,26695
chr14	74003869	27100
chr14	74004068	27100
chr14	74004626	-1
chr14	74551086	27156,27157,27158
chr14	81687176	27435,27436,27438
chr14	81687499	27435,27436,27437,27438
chr14	81687807	27435,27437,27438
chr14	90797977	-1
chr14	90798273	27550
chr1	2345226	317,319
chr1	44116191	3175,3177
chr14	90798587	27550
chr14	94843022	-1
chr14	94853196	-1
chr14	94853463	-1
chr14	94853748	-1
chr14	101754854	-1
chr14	101755230	-1
chr14	101755510	-1
chr14	102786752	-1
chr14	102787410	28169
chr1	46152187	3348,3350,3352
chr14	103006308	-1
chr14	105201791	28410
chr14	105202004	28410
chr14	105202687	28410
chr14	105957631	28526
chr14	105957961	-1
chr14	105958207	-1
chr15	37392921	28759,28760
chr15	41099302	28915,28917
chr15	41099628	28916,28917
chr1	46152397	3348,3350,3352
chr15	41099964	28916,28917
chr15	44719235	29256
chr15	44719550	29256
chr15	44719847	29256
chr15	50647171	29408,29409,29410,29411,29412
chr15	50647455	29408,29409,29411,29412
chr15	50647761	29408,29409,29411,29412
chr15	56536561	29639,29640,29642
chr15	56537248	29639,29640,29642,29643
chr15	56537448	29640,29642,29643
chr1	46153034	3348,3349,3350,3352
chr15	56538239	29642,29643
chr15	63795646	29919,29920
chr15	64385994	29958
chr15	64386315	29958,29959
chr15	64386518	29958,29959,29960
chr15	65117801	30011,30012
chr15	65118042	30011,30012
chr15	65118369	30011,30012
chr15	67813312	30190,30191
chr15	67813618	30190,30191
chr1	53018742	3635,3636,3638
chr15	67813917	30190,30192
chr15	72522886	30369,30370
chr15	72523515	30371
chr15	72523864	30371
chr15	72766167	30395
chr15	72766491	30395
chr15	72766712	30395
chr15	85259303	31015,31017
chr15	85259556	31015,31016,31017
chr15	85259818	31015,31016,31017
chr1	53019108	3635,3636,3637,3638
chr15	85455354	-1
chr15	85455647	-1
chr15	85455894	-1
chr15	90545815	31209,31211
chr15	90546542	31211
chr15	90546742	31211
chr15	93351740	31378,31379
chr15	93352036	31378,31379
chr15	93352738	31378,31379
chr15	93352938	31378,31380
chr1	53019324	3635,3636,3637,3638,3639
chr16	103277	31623,31624
chr16	103562	31622,31623,31624,31625
chr16	103897	31622,31623,31624,31625
chr16	451671	31706,31707,31708
chr16	451971	31706,31707,31708
chr16	452266	31706,31707
chr16	452551	31706,31707
chr16	790969	31826,31827
chr16	12009791	32782
chr16	12010140	32782
chr1	55353128	3816,3817
chr16	12010475	32782,32783
chr16	12010731	32782,32783
chr16	15669773	-1
chr16	15670377	-1
chr16	15670610	-1
chr16	20911246	33154,33156
chr16	20911603	33155,33156
chr16	20912201	33155,33156,33157
chr16	30346054	-1
chr16	30346639	33749
chr1	67896030	4121,4122
chr16	30346897	33749
chr16	30347575	33749
chr16	30366550	33753,33754,33755,33756,33757,33758
chr16	30366781	33753,33754,33755,33756,33757,33758
chr16	30367253	33755,33756,33757
chr16	30710287	33841,33843,33844,33845
chr16	46723036	34080,34082
chr16	46723337	34080,34081,34082
chr16	46723626	34080,34081,34082
chr16	50581710	34258,34260
chr1	67896375	4121,4122,4123
chr16	50582031	34259,34260,34262
chr16	50582358	34259,34260,34262
chr16	57221238	34564
chr16	57406498	34578
chr16	57406800	-1
chr16	57407117	-1
chr16	58663697	34761,34762
chr16	58663981	34761,34762
chr16	58664336	34761,34762
chr16	66585579	34819,34821
chr1	6506279	508,509
chr1	67896618	4121,4122,4123
chr16	66586373	34820,34821
chr16	66586572	34820,34821
chr16	67880389	35039
chr16	67880596	35039
chr16	67880887	35039
chr16	70780271	-1
chr16	70780656	-1
chr16	70780883	-1
chr16	71842668	35471
chr16	71842950	35471
chr1	76189926	4210,4211
chr16	71843281	35471
chr16	75339351	35674
chr16	75339552	35674
chr16	75340298	35674,35675
chr16	75681772	35706,35707,35708,35710
chr16	88717413	36272
chr16	88729775	36276,36277
chr16	89724038	36427,36428
chr16	89724264	36427,36428
chr16	89724536	36427
chr1	76190216	4210,4211
chr17	1620042	36707,36708
chr17	1620316	36707,36708
chr17	1620648	36707,36708
chr17	4851832	37062,37063,37064,37066,37068
chr17	4871041	37074,37075,37076,37077
chr17	6938428	37245
chr17	6939065	37245
chr17	6939375	37245
chr17	7017988	37252
chr17	7018277	37252
chr1	76190460	4210,4211
chr17	7018524	37252,37253
chr17	7082674	37256,37257
chr17	7155269	37296,37298,37299
chr17	7155632	37296,37298,37299
chr17	7155872	37296,37298,37299
chr17	7590044	37462,37463,37465,37466
chr17	7960447	-1
chr17	18907438	38010,38011
chr17	18907644	38010,38011
chr17	18908241	38010,38011,38012
chr1	78149037	4252,4253
chr17	20946305	38104
chr17	20946686	38104
chr17	20946885	38104
chr17	27052316	-1
chr17	27052556	-1
chr17	27052933	-1
chr17	27053193	38258
chr17	27071067	38263
chr17	27071648	-1
chr17	35715459	-1
chr1	89358196	4395
chr17	35715658	-1
chr17	35715977	38756
chr17	35716571	38756,38757
chr17	35766784	38760,38761
chr17	35767051	38760,38761
chr17	35767374	38760
chr17	37356262	38925,38926
chr17	37356603	38925,38926,38927
chr17	37357237	38926,38927,38928
chr17	37357441	38926,38927,38928,38929
chr1	90286345	4436,4438
chr17	37851790	-1
chr17	37852155	-1
chr17	37852430	-1
chr17	37894327	39003,39004,39005,39006
chr17	37894613	39004,39005,39006
chr17	37895317	39006
chr17	37895653	39006
chr17	37895916	-1
chr17	38083814	39025,39026,39027,39028
chr17	38804036	39169,39170,39171,39172
chr1	90286594	4436,4438
chr17	38804352	39169,39170,39171,39172
chr17	38804614	39169,39171,39172
chr17	39845188	39270,39271,39272,39273
chr17	39845488	39271,39272,39273,39275
chr17	39845694	39271,39272,39273,39275
chr17	40169671	39348,39349,39350
chr17	40932100	39529,39530
chr17	40932386	39529,39530
chr17	40932682	39530
chr17	41446138	39610
chr1	90287235	4437,4438
chr17	41622208	39626,39627,39629
chr17	41622409	39626,39629
chr17	41622977	39628,39629
chr17	41623696	39628,39630
chr17	46969634	40291,40292,40293
chr17	46969962	40291,40292,40293
chr17	46970225	40291,40292,40293
chr17	47073487	40311,40312
chr17	47073746	40311,40312
chr17	47073966	40311,40312,40314
chr1	109969056	4838,4839
chr17	47074604	40311,40312,40314
chr17	47439451	40347
chr17	49198534	40606,40607
chr17	49199185	40606,40607
chr17	49199386	40606,40607
chr17	49243582	40615
chr17	49243823	40615,40616,40618
chr17	49244523	40616,40617,40618
chr17	53353912	-1
chr17	53374985	-1
chr1	8067382	-1
chr1	109969261	4838,4839
chr17	53375576	-1
chr17	53375784	-1
chr17	53382822	-1
chr17	56084585	40787,40788,40789,40791
chr17	56084851	40788,40789,40791
chr17	56085155	40788,40789,40791
chr17	56492984	40839
chr17	57408062	40903
chr17	57408791	40903
chr17	57409055	40903
chr1	109969463	4838,4839
chr17	62502370	41300,41301,41302
chr17	66374298	-1
chr17	66374577	-1
chr17	66374868	-1
chr17	70120525	41609,41610,41611
chr17	70120808	41609,41611
chr17	70121468	41609,41611
chr17	72426836	41714,41715,41716
chr17	72427542	41715,41716
chr17	72746994	-1
chr1	110881280	4944,4945,4947,4948
chr17	73452744	41858,41859
chr17	73780624	41955
chr17	73780948	41955
chr17	73781246	-1
chr17	73873791	41975,41977
chr17	73874630	41977,41978,41979
chr17	73975164	42001,42002
chr17	73975457	42001,42002
chr17	73975726	42001
chr17	74378003	42066,42068,42070
chr1	149224002	-1
chr17	74378641	42065,42066,42068,42070
chr17	74378914	42065,42067,42068,42070,42072
chr17	74379184	42065,42067,42068,42070,42072
chr17	74379816	42065,42067,42069,42070,42072,42073,42074
chr17	74563222	-1
chr17	74733385	42144,42147,42148,42150
chr17	74733615	42144,42147,42148,42150
chr17	74733965	42144,42147,42149,42150
chr17	77966400	-1
chr17	78427878	-1
chr1	149224205	-1
chr17	78428508	42554
chr17	78428723	42554
chr17	79519520	42693
chr17	79669653	42726,42727
chr17	79819049	42744,42745,42746
chr17	79869240	42767,42768
chr17	80034568	-1
chr17	80035541	-1
chr18	3449366	43127,43128,43130
chr18	9102725	43215,43216
chr1	149224634	-1
chr18	13138040	-1
chr18	13138290	-1
chr18	13138936	-1
chr18	30350512	43613
chr18	30351289	43613
chr18	47013624	43855
chr18	47013835	43855
chr18	47014369	43855
chr18	68044130	-1
chr18	68044347	-1
chr1	149783918	-1
chr18	68044918	-1
chr18	71815215	44147,44148
chr18	71815538	44147,44148
chr18	71815766	44147,44148
chr19	1246118	-1
chr19	1249537	44510,44511,44513
chr19	1259367	44519,44520
chr19	1269353	44524,44526
chr19	1270014	44526
chr19	1270228	44525,44526
chr1	149784870	-1
chr19	1270969	44525,44526,44527
chr19	1271173	44525,44526,44527,44528
chr19	2236281	44736,44738
chr19	3434895	-1
chr19	3435160	44879
chr19	3435432	44879
chr19	11200972	45827
chr19	11805736	45937
chr19	11849737	45939,45940
chr19	11877693	45941
chr1	149857896	5527,5529
chr19	11877902	45941
chr19	11878629	-1
chr19	12035761	45955
chr19	12035982	45955
chr19	12036352	-1
chr19	12404846	-1
chr19	12405606	45979
chr19	12405841	45979
chr19	13273528	46123
chr19	13273781	46123
chr1	149858191	5527,5528,5529
chr19	13274125	46123
chr19	15236165	46262,46263
chr19	15236481	46263,46264
chr19	15236809	46263,46264
chr19	16770924	46436,46437,46438
chr19	16771212	46436,46437,46438
chr19	16771799	46436,46437,46438
chr19	18391353	46638,46639,46640,46641
chr19	18392277	46638,46639,46641,46642
chr19	34663465	47119
chr1	8069871	-1
chr1	149858491	5527,5528,5529
chr19	35531842	47218,47219
chr19	35532452	47219
chr19	35532680	47219
chr19	35533242	-1
chr19	39340561	47604
chr19	41257163	47832,47833,47835
chr19	42750644	-1
chr19	42750982	-1
chr19	42751253	-1
chr19	46386296	-1
chr1	149858809	5527,5528
chr19	47616364	48542
chr19	47616995	48542,48544
chr19	47617212	48542,48544
chr19	49465873	-1
chr19	49466681	48802,48803
chr19	49470311	-1
chr19	49470951	-1
chr19	49471161	-1
chr19	49496553	48812,48814,48815
chr19	49496844	48812,48814,48815
chr1	149859180	5527,5528
chr19	49497166	48812,48813,48814,48815
chr19	49652622	48869,48870
chr19	49652836	48869,48870
chr19	49653511	48871
chr19	49956328	48903,48904,48905
chr19	49956611	48903,48904,48905,48906
chr19	49956908	48903,48904,48906
chr19	51869859	49167
chr19	51870116	49167
chr19	51870801	49167,49168
chr1	149859802	5528,5530
chr19	54694236	49388,49389,49390,49391,49392
chr19	54694909	49388,49391,49392
chr19	54695163	49388,49391,49392,49393
chr19	57324034	49672,49673
chr19	59055302	49871,49872,49874,49875,49876
chr19	59055510	49871,49872,49874,49875,49876
chr19	59055854	49872,49874,49875,49876
chr19	59070158	49887,49888
chr19	59070883	49887
chr19	59071121	49887
chr1	150336416	5594,5595
chr2	3522565	50016,50017,50018
chr2	3523269	50016,50017,50019
chr2	3523470	50016,50017,50019
chr2	3652796	50034,50036
chr2	3653027	50034,50036
chr2	3653296	50034,50036
chr2	8821380	50094
chr2	10442165	50194,50195
chr2	11484925	50269,50270,50271,50272
chr2	11680204	-1
chr1	150336691	5594,5595
chr2	17720171	50384,50385,50387
chr2	17720377	50384,50385,50387
chr2	17720958	50385,50387
chr2	17721687	50386,50387
chr2	20550027	50485
chr2	20550271	50485
chr2	20550863	50485,50486
chr2	20647649	50491,50493
chr2	20647880	50491,50493
chr2	20648738	50493
chr1	150337278	5595
chr2	20649474	50494
chr2	20649679	50494
chr2	21222612	-1
chr2	21225134	50517,50518,50519
chr2	21225809	50518,50519,50520
chr2	21226696	50519,50520
chr2	21227267	50520,50521
chr2	21228100	50521,50522
chr2	21229895	50523,50524
chr2	21232910	50525,50526,50527
chr1	150601756	5635,5636,5638
chr2	21235993	50529,50530,50531
chr2	21236613	50530,50531,50532
chr2	21236831	50531,50532
chr2	21237696	50532,50533
chr2	21242486	50536
chr2	21242724	50536
chr2	21243359	50536
chr2	21243601	50536
chr2	21244571	-1
chr2	21258159	50544
chr1	150602037	5636,5637,5638
chr2	21260719	-1
chr2	21261631	-1
chr2	21261927	-1
chr2	21262831	50547
chr2	21263821	50546,50547
chr2	21265266	50546,50548
chr2	21266073	50548
chr2	27273559	50844
chr2	27309375	50855,50856,50857
chr2	27309729	50855,50856,50857
chr1	150602342	5636,5637,5638
chr2	27310107	50855,50857
chr2	27316067	50858,50859
chr2	27316855	50858,50859
chr2	27317054	50858,50859
chr2	28113201	51001,51002
chr2	28113437	51001,51002
chr2	28113718	51001,51002
chr2	32288420	51152
chr2	42362387	-1
chr2	42362707	-1
chr1	8070653	-1
chr1	150954590	5670,5671
chr2	42363038	-1
chr2	43454003	51574,51576
chr2	43454820	51574,51575
chr2	46524275	51713,51715
chr2	46524591	51713,51714,51715
chr2	46524922	51714,51715,51717
chr2	46925853	51760,51761
chr2	48541285	51865,51866
chr2	48541588	51865,51866
chr2	48541861	51865,51866
chr1	151254356	5720,5722,5723,5724
chr2	62797093	-1
chr2	64067936	52331,52332,52333,52335
chr2	64068139	52331,52332,52333,52335
chr2	64068761	52331,52333,52335
chr2	64069042	52331,52333,52335
chr2	64069714	52331,52334,52335
chr2	65663097	52470,52471
chr2	65663608	52471
chr2	65663835	52471
chr2	70369510	-1
chr1	154973540	6073
chr2	70370141	-1
chr2	70417794	-1
chr2	70418046	52638
chr2	70418282	52638
chr2	74729615	52992,52995,52996
chr2	74729817	52992,52995,52996
chr2	85765771	53205
chr2	85774159	53214
chr2	86422299	53312
chr2	86422548	53311,53312
chr1	155107785	6105,6107
chr2	86422844	53311,53312
chr2	88423010	-1
chr2	88423298	-1
chr2	97001386	53563
chr2	97001606	53563
chr2	97001910	-1
chr2	98612336	53689
chr2	99953058	53752,53753
chr2	101868393	53860,53861
chr2	101869058	53860,53861
chr1	155108131	6106,6107
chr2	101869332	53859,53860,53861
chr2	102649633	-1
chr2	109150364	54050
chr2	109150614	54049,54050
chr2	109150931	54049,54050
chr2	113032964	54161
chr2	113033202	54161
chr2	113033630	-1
chr2	113299445	54192,54194
chr2	113299766	54192,54193,54194
chr1	155108362	6106,6107
chr2	113300060	54193,54194
chr2	118844785	54364
chr2	120517045	54404,54405
chr2	120517244	54403,54404,54405
chr2	120517549	54403,54404,54405
chr2	128145534	54550,54551,54552,54553
chr2	131099871	54701,54702,54703,54705
chr2	131100208	54702,54704,54705
chr2	131100489	54702,54704,54705
chr2	136288100	54868,54870
chr1	155293755	6177,6179,6180,6182,6183,6184,6185
chr2	136288742	54868,54869,54870
chr2	136289082	54868,54869,54870
chr2	138720893	54928,54929
chr2	138721662	54928,54929
chr2	138726301	-1
chr2	138726501	-1
chr2	138727177	-1
chr2	138727455	-1
chr2	150443853	55071,55072
chr2	150444192	55071,55073
chr1	155294091	6177,6179,6181,6182,6183,6184,6185
chr2	150444417	55071,55073
chr2	153574204	55205,55206,55207,55208,55209,55210
chr2	162016940	55399
chr2	165698136	55500
chr2	171568490	55719,55720
chr2	171568725	55719,55720
chr2	171569426	55719
chr2	171571867	55721,55722,55724
chr2	171572068	55721,55722,55724
chr2	171572542	55721,55724,55726
chr1	155294334	6177,6179,6181,6182,6183,6184,6185
chr2	171575807	55725
chr2	171576153	-1
chr2	171576496	-1
chr2	171784816	55745,55747,55748
chr2	171785425	55746,55747,55748
chr2	171785769	55746,55747,55748
chr2	174828599	55904,55906
chr2	174828802	55904,55905,55906
chr2	174829581	55904,55905,55906
chr2	174830236	55905,55907
chr1	156308035	6363,6364
chr2	174830436	55905,55907,55908
chr2	174830755	55905,55907,55908
chr2	174831401	55907,55908
chr2	176866349	55995
chr2	176866976	55994,55995
chr2	176867180	55994,55995
chr2	177052552	56023,56026
chr2	188375628	-1
chr2	190305751	56442
chr2	190305950	56442
