chr1	948647	35,36
chr1	949039	35,36
chr1	1981342	256,257
chr1	31655289	2239,2240,2241
chr15	40632559	28853
chr15	45492694	-1
chr15	45492748	-1
chr15	45493310	29316
chr15	52970906	29577,29578
chr15	56536673	29639,29640,29642
chr15	59157956	-1
chr15	59158595	-1
chr15	59159257	-1
chr15	60666289	-1
chr1	31655297	2239,2240,2241
chr15	60667009	-1
chr15	60667085	-1
chr15	62359951	29856
chr15	64388183	29959,29960
chr15	64388195	29959,29960
chr15	64389033	-1
chr15	64752697	29987
chr15	64752725	29987
chr15	64753662	-1
chr15	65476849	-1
chr1	32169335	-1
chr15	65476874	-1
chr15	65477541	30049
chr15	67341250	30165
chr15	68521897	30227,30228
chr15	69110591	30257,30258,30259,30260,30261
chr15	69113264	30262,30263
chr15	69745175	30283
chr15	69745195	30283
chr15	69745936	-1
chr15	69886407	-1
chr1	32169669	2293
chr15	69887150	-1
chr15	69887158	-1
chr15	70371036	-1
chr15	70371067	-1
chr15	70371794	-1
chr15	71184923	30320,30321
chr15	71184945	30320,30321
chr15	71185124	30320,30321
chr15	73076124	30419
chr15	73076227	30419
chr1	32170334	2293
chr15	73076892	30419,30420
chr15	73925793	30440,30441
chr15	73925811	30440,30441
chr15	73926464	30440,30441
chr15	75182857	-1
chr15	75639930	30599,30601
chr15	75743798	30624
chr15	75965085	-1
chr15	75965773	-1
chr15	75966079	-1
chr1	32644732	2353
chr15	77712355	30724,30725,30726,30727
chr15	80464894	-1
chr15	81071993	-1
chr15	81072439	-1
chr15	81073108	-1
chr15	81073122	-1
chr15	82555154	30952,30953
chr15	82555883	30952
chr15	82555893	30952
chr15	85292194	31018
chr1	32715832	2379
chr15	85522893	31041
chr15	85523671	31041,31042
chr15	85523715	31041,31042
chr15	85524611	31042
chr15	85525429	31044
chr15	89631731	31124
chr15	91073291	31278,31280
chr15	91428776	-1
chr15	93443580	31389,31390,31391
chr15	93443612	31389,31390,31391
chr1	32715835	2379
chr15	93444466	31391
chr15	99191257	31439,31440
chr16	127401	31633,31635,31636
chr16	128098	31633,31635,31636,31637
chr16	128229	31633,31635,31636,31637
chr16	231056	-1
chr16	231497	31651
chr16	231547	31651
chr16	576881	31732
chr16	577415	31731,31732
chr1	32716664	2379
chr16	577537	31731,31732
chr16	639886	31748,31750
chr16	640395	31748
chr16	640793	31748
chr16	730290	31786,31787,31788
chr16	730303	31786,31787,31788
chr16	731172	31786,31788
chr16	739483	31795
chr16	740385	31795,31796,31797
chr16	740446	31795,31796,31797
chr1	32800884	2391,2392,2393,2394
chr16	2014051	32010,32011,32012,32014
chr16	2014817	32011,32012,32013,32014
chr16	2014831	32011,32012,32013,32014
chr16	2563028	32148
chr16	2563570	32148
chr16	2563996	32148
chr16	2731893	32174,32175
chr16	2732381	32173,32174,32175
chr16	2732403	32173,32174,32175
chr16	2732913	32173,32175
chr1	1981411	256,257
chr1	32800919	2391,2392,2393,2394
chr16	2955366	-1
chr16	2955381	-1
chr16	2956046	-1
chr16	2961869	32216
chr16	2961918	32216
chr16	2962611	32217
chr16	3018944	32227
chr16	3018961	32227
chr16	3019643	32229
chr16	3078400	32253
chr1	32801810	2393,2394,2395
chr16	3078797	32253
chr16	3079236	32253
chr16	3238751	-1
chr16	3508529	32307
chr16	4395026	32402
chr16	4395974	-1
chr16	4395979	-1
chr16	4422784	32408
chr16	4475832	32421
chr16	4475838	32421
chr1	33723793	-1
chr16	4476313	-1
chr16	4714218	32454
chr16	4714238	32454
chr16	4715026	-1
chr16	8600919	-1
chr16	8601015	-1
chr16	8601546	-1
chr16	8601574	-1
chr16	8891563	32580,32581,32582
chr16	8943411	-1
chr1	33724584	-1
chr16	8944216	-1
chr16	8944275	-1
chr16	10673942	-1
chr16	10673986	-1
chr16	10674450	32668
chr16	11402938	-1
chr16	11405779	-1
chr16	11406594	-1
chr16	11489619	-1
chr16	11490266	-1
chr1	33724635	-1
chr16	11490271	-1
chr16	11734462	-1
chr16	11769589	32730,32731,32732
chr16	11769605	32730,32731,32732
chr16	11769996	32730,32731,32732
chr16	11890586	32753
chr16	11891455	32752,32753
chr16	11891459	32752,32753
chr16	12069802	32787
chr16	12070434	32786,32787
chr1	35657820	2567,2568,2569,2570
chr16	12070453	32786,32787
chr16	12637888	-1
chr16	12637901	-1
chr16	12638857	-1
chr16	12706674	-1
chr16	12707404	-1
chr16	12707424	-1
chr16	12737923	-1
chr16	12738761	-1
chr16	12738770	-1
chr1	35658687	2568,2569,2571
chr16	12896773	-1
chr16	12897231	-1
chr16	12897238	-1
chr16	14439577	-1
chr16	14440032	-1
chr16	14440417	-1
chr16	15528330	32897,32898
chr16	15528343	32897,32898
chr16	15529049	32898
chr16	15735745	32923
chr1	35658701	2568,2569,2571
chr16	15735866	32923
chr16	15736625	32921,32923
chr16	15736639	32921,32923
chr16	16090668	-1
chr16	16090687	-1
chr16	16091493	-1
chr16	16252969	-1
chr16	16253718	-1
chr16	16253730	-1
chr16	20817781	33138,33139
chr1	36615330	2664
chr16	20817802	33138,33139
chr16	20818619	33138
chr16	21275848	-1
chr16	21536844	-1
chr16	21536894	-1
chr16	21537532	-1
chr16	21538234	-1
chr16	21964772	33198,33199
chr16	23568373	33307
chr16	23568392	33307
chr1	36615367	2664
chr16	23568603	33306,33307
chr16	23607677	33318
chr16	23607697	33318
chr16	23608561	33318
chr16	27324067	33456
chr16	27324811	33456
chr16	28222513	-1
chr16	28223504	33519,33520
chr16	28502939	-1
chr16	28503426	33529
chr1	1981989	256,257
chr1	36615870	2664
chr16	28503434	33529
chr16	28551898	33536,33537
chr16	28552106	33536,33537
chr16	28552391	33537
chr16	28857728	33561,33562,33563
chr16	29827306	33638,33639,33640
chr16	29827524	33638,33639,33640
chr16	29828204	33638,33640
chr16	29873942	33654,33657
chr16	29874882	33654,33655,33656,33657
chr1	36839646	-1
chr16	29874907	33654,33655,33656,33657
chr16	30123619	-1
chr16	30124290	33739
chr16	30124299	33739
chr16	30546305	33804,33805,33806
chr16	30546315	33805,33806
chr16	30547189	33805
chr16	30661960	33825,33826
chr16	30662798	33826
chr16	30662803	33826
chr1	36840286	2707
chr16	30709460	33840,33842,33844
chr16	30709470	33840,33842,33844
chr16	30710321	33841,33843,33844,33845
chr16	30798557	33889
chr16	31118965	33951,33952
chr16	31119615	33951,33952
chr16	31119687	33951,33952
chr16	31150259	-1
chr16	31150571	33962
chr16	31150713	33962
chr1	36840325	2707
chr16	31191456	33966
chr16	31191491	33966
chr16	31191952	33967
chr16	31199332	33977,33978
chr16	32608891	-1
chr16	33936163	-1
chr16	33949583	-1
chr16	33950343	-1
chr16	46723083	34080,34082
chr16	46723606	34080,34081,34082
chr1	36952168	-1
chr16	46724019	34080,34081
chr16	47177445	34118
chr16	47177455	34118
chr16	47178307	34117
chr16	48238610	-1
chr16	48238643	-1
chr16	48239282	-1
chr16	48643495	-1
chr16	48643534	-1
chr16	48644212	34191
chr1	36952737	-1
chr16	50187694	34227,34228,34229
chr16	50188250	34227,34229
chr16	50189073	34227
chr16	50189099	34227
chr16	50406272	-1
chr16	50775453	34280,34281
chr16	50775456	34280,34281
chr16	50775938	34280,34281
chr16	50776448	34281
chr16	51185530	34299,34300
chr1	36952747	-1
chr16	51186136	34299,34300
chr16	51186352	34299
chr16	53537555	34370
chr16	53537647	34370
chr16	53538165	34370,34371
chr16	56642233	34500,34501
chr16	56763985	34514,34515
chr16	56764036	34514,34515
chr16	56764506	34514
chr16	57333809	-1
chr1	38465379	2776
chr16	57334478	-1
chr16	57334554	-1
chr16	57337694	-1
chr16	57338302	-1
chr16	57338340	-1
chr16	57417770	34581,34582,34583
chr16	57418276	34582,34583
chr16	57418685	34583
chr16	57553080	-1
chr16	57657060	-1
chr1	38465850	2776
chr16	57657793	-1
chr16	57657842	-1
chr16	57658486	-1
chr16	57728302	34643
chr16	57728522	34643
chr16	57728637	34643
chr16	57831691	34658
chr16	57831806	34658
chr16	57832230	34658,34659
chr16	57896853	34664
chr1	38466216	2776
chr16	57896866	34664
chr16	57897393	34664
chr16	57927839	-1
chr16	57927901	-1
chr16	57928604	-1
chr16	57928621	-1
chr16	58232132	34695,34696
chr16	58534571	34713,34714
chr16	58767329	-1
chr16	58768215	34780
chr1	1982305	257
chr1	38478365	2778
chr16	58768265	34780
chr16	66585320	34819,34821
chr16	66585422	34819,34821
chr16	66586226	34821
chr16	66586287	34820,34821
chr16	66638768	34828,34829
chr16	66864924	34858
chr16	66865153	34858
chr16	66865156	34858
chr16	66939287	-1
chr1	38478383	2778
chr16	66939962	-1
chr16	67051943	-1
chr16	67051954	-1
chr16	67052159	-1
chr16	67183597	34899
chr16	67184467	34899,34900
chr16	67207663	34913
chr16	67208221	-1
chr16	67208266	-1
chr16	67217581	34917
chr1	38479093	-1
chr16	67217619	34917
chr16	67218518	34917,34918
chr16	67219455	34917,34918
chr16	67219460	34917,34918
chr16	67312800	34949,34951
chr16	67313403	34949,34950,34951,34952
chr16	67313418	34949,34950,34951,34952
chr16	67596233	34997,34998
chr16	67596773	34997
chr16	67597202	34997,34999
chr1	40915693	2949,2950
chr16	67700684	35015,35016
chr16	67701230	35015,35017
chr16	68000676	-1
chr16	68001393	-1
chr16	68002025	-1
chr16	68002650	35084
chr16	68002737	35084
chr16	68003643	35084
chr16	68056293	35089,35091
chr16	68057062	35089,35090,35091
chr1	41707555	-1
chr16	68057101	35089,35090,35091
chr16	68117848	35096,35097
chr16	68118731	35096,35097,35099
chr16	68269542	35111,35112,35113,35114
chr16	68270277	35112,35113,35115
chr16	68270279	35112,35113,35115
chr16	68826766	-1
chr16	68826786	-1
chr16	68826988	-1
chr16	69165991	35190,35191,35193,35194
chr1	41826834	3009
chr16	69166465	35190,35191,35192,35193,35194
chr16	69166532	35190,35191,35192,35193,35194
chr16	69345233	35210
chr16	69345251	35210
chr16	69346083	-1
chr16	69563720	-1
chr16	69564618	-1
chr16	69564627	-1
chr16	69788209	-1
chr16	69788895	35264
chr1	43169017	-1
chr16	69788914	35264
chr16	70190788	35288,35289,35290
chr16	70191682	35289,35290,35291
chr16	70191718	35289,35290,35291,35292
chr16	70285213	35296,35297
chr16	70285890	35296,35297,35298,35299
chr16	70285912	35296,35297,35298,35299
chr16	70286674	35297,35298,35299
chr16	70715448	35380,35381,35382
chr16	70720095	35384
chr1	43169637	-1
chr16	70720480	35384
chr16	70721056	35384,35385
chr16	71704681	-1
chr16	71704691	-1
chr16	71705342	-1
chr16	75033916	35632,35633
chr16	75033929	35632,35633
chr16	75034663	35632,35633
chr16	75284352	35667,35668
chr16	75299198	35671
chr1	43169925	-1
chr16	75299997	35671,35672
chr16	75300016	35671,35672
chr16	75467311	35677,35678,35679
chr16	75468040	35678
chr16	75468060	35678
chr16	75468572	35678
chr16	81347794	35852,35854
chr16	81348412	35852,35853,35854
chr16	81348436	35852,35853,35854
chr16	81349412	35853
chr1	43232568	3060,3061,3062
chr16	81478387	35864,35866
chr16	81479056	35865,35866
chr16	81479318	35865,35866
chr16	81481504	-1
chr16	81481558	-1
chr16	81482275	-1
chr16	82116608	-1
chr16	82117178	-1
chr16	82117287	-1
chr16	82203644	35905
chr1	2163447	-1
chr1	43423993	3088,3090
chr16	82203757	35905
chr16	82204341	35905
chr16	83982626	35926
chr16	84300227	-1
chr16	84300287	-1
chr16	84301218	-1
chr16	85340633	-1
chr16	85525607	-1
chr16	85548787	36076
chr16	85548805	36076
chr1	43424776	3087,3088,3089,3090
chr16	85549728	-1
chr16	85645245	36085
chr16	85645702	36085
chr16	85646464	36085,36086
chr16	85646469	36085,36086
chr16	85648761	-1
chr16	85832544	36110
chr16	87569121	-1
chr16	87569625	-1
chr16	87569722	-1
chr1	43424788	3087,3088,3089,3090
chr16	87570538	-1
chr16	87876751	-1
chr16	87876753	-1
chr16	87877412	-1
chr16	87890631	36220
chr16	87891259	36220
chr16	87895490	36221
chr16	87985062	36229,36230
chr16	87985085	36229,36230
chr16	87985731	36230
chr1	45477770	3296,3297,3298,3299
chr16	88519732	36248
chr16	88520722	-1
chr16	88521070	-1
chr16	88554457	-1
chr16	88554527	-1
chr16	88555076	-1
chr16	88627320	-1
chr16	88627329	-1
chr16	88628199	-1
chr16	88706458	-1
chr1	46152834	3348,3349,3350,3352
chr16	88716530	-1
chr16	88716939	-1
chr16	88717400	36272
chr16	88851078	-1
chr16	88851512	36299
chr16	88852053	36299
chr16	88870792	36300,36302,36303
chr16	88877940	36306
chr16	88878797	36308
chr16	88878816	36308
chr1	46768422	3414,3415,3416,3418
chr16	89257806	-1
chr16	89258748	-1
chr16	89258760	-1
chr16	89266239	36356,36357,36358
chr16	89266497	36356,36357,36358,36363
chr16	89266934	36357,36358,36359,36360,36363
chr16	89284029	36364,36365
chr16	89638247	-1
chr16	89639197	-1
chr16	89639226	-1
chr1	47799488	3476,3477
chr16	89894419	36466
chr16	89895053	36465,36466
chr16	89895086	36465,36466
chr16	89903776	-1
chr16	89904133	-1
chr16	89904155	-1
chr16	89990377	36494
chr17	1359602	36632
chr17	1532293	36676,36677
chr17	1552294	36681,36682
chr1	47800331	3476,3478
chr17	1552311	36681,36682
chr17	1553262	36681,36683,36684
chr17	1901487	-1
chr17	2301029	-1
chr17	2301401	36826
chr17	2301972	36826
chr17	6543601	37201,37202
chr17	7463851	37406
chr17	7589859	37462,37463,37465,37466
chr17	7590749	37462,37464,37465,37466,37467
chr1	47800382	3476,3478
chr17	7590796	37462,37464,37465,37466,37467
chr17	7982679	37529
chr17	7982696	37529
chr17	7983386	37530
chr17	8024247	-1
chr17	8025093	-1
chr17	8025121	-1
chr17	15336769	-1
chr17	15336787	-1
chr17	15337754	-1
chr1	48331815	-1
chr17	15849335	37745
chr17	16189339	-1
chr17	16189391	-1
chr17	16189624	-1
chr17	16931618	-1
chr17	16931655	-1
chr17	16932505	-1
chr17	16933475	-1
chr17	17399643	37874,37875
chr17	17399667	37874,37875
chr1	3251238	-1
chr1	48332786	-1
chr17	17400280	37874,37875
chr17	17597898	-1
chr17	17709410	-1
chr17	17740480	37910,37911
chr17	17741470	37910,37911
chr17	18042635	-1
chr17	21309037	-1
chr17	25886338	38151
chr17	25886343	38151
chr17	25887137	38151
chr1	48332800	-1
chr17	26697419	38181,38183
chr17	27895016	38370,38371,38373,38374,38376,38377
chr17	27895471	38370,38371,38373,38375,38376,38377
chr17	27895920	38371,38373,38375,38376,38377,38378
chr17	27916797	38392,38393,38394,38395
chr17	27944305	38399,38400,38401,38402
chr17	27944324	38399,38400,38401,38402
chr17	27945146	38400,38401,38402,38403
chr17	30081112	-1
chr17	30813388	38576,38577
chr1	51443151	-1
chr17	30813792	38576,38577,38578
chr17	30814153	38576,38577,38578
chr17	33446334	38642
chr17	34890800	38706,38707,38708,38710
chr17	34891312	38706,38707,38709,38710,38711
chr17	34891332	38706,38707,38709,38710,38711
chr17	34900660	38713,38714,38716
chr17	34901405	38713,38715,38716
chr17	34901414	38713,38715,38716
chr17	35849541	38766
chr1	51443507	-1
chr17	35849713	38766,38767
chr17	35850411	38767
chr17	36761802	38837,38839
chr17	36762764	38837,38838
chr17	36762775	38837,38838
chr17	36763307	38838,38840
chr17	36769670	-1
chr17	36769684	-1
chr17	36770362	-1
chr17	36770459	-1
chr1	51444041	-1
chr17	36830271	38841,38842,38843
chr17	36830584	38841,38842,38844
chr17	36831003	38841,38842,38844,38845
chr17	36831443	38842,38844,38845
chr17	36831453	38842,38844,38845
chr17	36902860	38871
chr17	36902872	38871
chr17	36903713	38871
chr17	36904145	38871
chr17	37025644	38889,38890
chr1	51984263	-1
chr17	37025734	38889,38890
chr17	37026405	38890
chr17	37309324	38913,38914,38915
chr17	37309963	38914,38915
chr17	37310082	38914,38915
chr17	37892344	39003
chr17	37893128	39003,39004,39005
chr17	37893164	39003,39004,39005
chr17	37895359	39006
chr17	38219490	39056
chr1	51985181	3553,3554
chr17	38473632	39114
chr17	38474160	39114
chr17	38498255	39117,39118
chr17	38508530	39124
chr17	38509304	-1
chr17	38509323	-1
chr17	39942041	39290,39291
chr17	39942680	39291
chr17	39942709	39291
chr17	40118674	39332,39333,39334
chr1	51985201	3553,3554
chr17	40118685	39332,39333,39334
chr17	40119468	39333,39334
chr17	41445316	39610
chr17	41446243	39610
chr17	41446306	39610
chr17	41850031	-1
chr17	42187749	39692
chr17	42188685	39691,39692
chr17	42188709	39691,39692
chr17	42189426	39691
chr1	52607710	3601
chr17	42298685	39733,39735,39736,39737,39738
chr17	42357008	-1
chr17	42357375	-1
chr17	42357771	-1
chr17	42852386	-1
chr17	42852394	-1
chr17	42853149	-1
chr17	43210170	39883,39884
chr17	43225872	39887,39888,39889,39890,39891
chr17	43225900	39887,39888,39889,39890,39891
chr1	53703526	3697,3699
chr17	43226668	39887,39888,39890,39891
chr17	43324373	39924,39925,39927
chr17	43324809	39925,39927
chr17	43325353	39926,39927
chr17	44270754	40029,40030,40031
chr17	44848626	40067
chr17	44859412	-1
chr17	44859784	-1
chr17	44859876	-1
chr17	46985631	40296
chr1	3251833	-1
chr1	53704206	3698,3699
chr17	46985654	40296
chr17	46986337	40297
chr17	47038250	-1
chr17	47038650	-1
chr17	47039052	-1
chr17	47039414	-1
chr17	47049859	-1
chr17	47049884	-1
chr17	47050667	-1
chr17	47754943	-1
chr1	53704218	3698,3699
chr17	47754993	-1
chr17	47755470	40370
chr17	48171792	40423,40424
chr17	48171922	40423,40424
chr17	48172583	40424
chr17	48474019	40501
chr17	48474854	40502
chr17	48474921	40502
chr17	48503699	40503
chr17	48556165	40508,40509
chr1	55349360	3815
chr17	48556203	40508,40509
chr17	48556977	40509
chr17	48711873	40538
chr17	48762288	40547
chr17	48762311	40547
chr17	48762501	40547
chr17	48770076	-1
chr17	48784814	-1
chr17	48785282	40554
chr17	48785309	40554
chr1	55504494	3820
chr17	49021964	40584
chr17	49022088	40584
chr17	49022164	40584
chr17	52978139	40645
chr17	52978174	40645
chr17	52978918	-1
chr17	55638126	40744
chr17	55638935	40744
chr17	55638941	40744
chr17	55939071	40763,40764
chr1	57110634	3858,3859
chr17	56065128	-1
chr17	56709040	40867
chr17	56709084	40867
chr17	56709554	40867
chr17	56709759	40867
chr17	56710387	40867
chr17	57696665	40917
chr17	57696893	40915,40917
chr17	57697182	40915,40916,40917
chr17	57923841	-1
chr1	57111069	3858,3859
chr17	57923855	-1
chr17	57924080	-1
chr17	60142486	41068
chr17	60143254	41068,41069
chr17	60143368	41068,41069
chr17	61597500	-1
chr17	61598056	-1
chr17	61598064	-1
chr17	61919228	-1
chr17	61920105	41245
chr1	57111565	-1
chr17	61920107	41245
chr17	62339870	-1
chr17	62339888	-1
chr17	62340866	41292
chr17	62501734	41300,41301,41302
chr17	62502369	41300,41301,41302
chr17	62502374	41300,41301,41302
chr17	62970975	41333,41334,41335,41337
chr17	62971624	41335,41336,41337
chr17	62971700	41335,41336,41337
chr1	57376447	-1
chr17	63127710	-1
chr17	63128356	-1
chr17	63128386	-1
chr17	65821550	41449,41451
chr17	65821570	41449,41451
chr17	65822312	41450,41451
chr17	66596541	-1
chr17	66597400	41540
chr17	66597422	41540
chr17	70119888	41609,41610,41611
chr1	57376467	-1
chr17	70588002	-1
chr17	70588883	41621
chr17	70588924	41621
chr17	71228377	41649,41650,41651
chr17	72422711	-1
chr17	72423459	-1
chr17	72423480	-1
chr17	72746795	-1
chr17	72747055	-1
chr17	72747265	-1
chr1	57377078	-1
chr17	72748174	-1
chr17	72767043	-1
chr17	72767589	-1
chr17	72767887	-1
chr17	72983524	41778,41780
chr17	72983893	41778,41779,41780
chr17	72984465	41779
chr17	73030535	-1
chr17	73031246	-1
chr17	73031267	-1
chr1	3251855	-1
chr1	59011870	-1
chr17	73083839	41799,41800,41801
chr17	73084182	41799,41800,41801
chr17	73400412	-1
chr17	73400429	-1
chr17	73401234	-1
chr17	73401763	41855
chr17	73401790	41855
chr17	73401967	41855
chr17	73521257	41885
chr17	73521286	41884,41885
chr1	59012495	3877
chr17	73522172	41884
chr17	73749185	-1
chr17	73749891	-1
chr17	73749933	-1
chr17	73750650	-1
chr17	73770788	41949
chr17	73771604	41949
chr17	73771610	41949
chr17	73840592	41963,41964,41965
chr17	73841466	41964,41965
chr1	59012513	3877
chr17	73841475	41964,41965
chr17	74371769	42064
chr17	74372572	42064
chr17	74372598	42064
chr17	74380117	42065,42067,42069,42070,42072,42073,42074,42075
chr17	74563981	42117
chr17	74593481	-1
chr17	74732587	42142,42144,42145,42146,42148,42150
chr17	74733369	42144,42147,42148,42150
chr17	74733372	42144,42147,42148,42150
chr1	78148367	4252
chr17	75275995	42190,42191,42192
chr17	75276883	42192
chr17	75277676	42192
chr17	76134208	42281
chr17	76135001	42281,42282
chr17	76245405	-1
chr17	76246230	-1
chr17	76247174	42307
chr17	76247190	42307
chr17	76744414	-1
chr1	78148375	4252
chr17	76744438	-1
chr17	76745095	-1
chr17	77772432	42441,42442
chr17	77772873	42442
chr17	77773235	42442
chr17	77813721	42447,42448
chr17	77900853	42454
chr17	78427840	-1
chr17	78428587	42554
chr17	78428596	42554
chr1	78149063	4252,4253
chr17	78518640	42564,42565,42566
chr17	78518677	42564,42565,42566
chr17	78519395	42566,42567
chr17	78944372	-1
chr17	78945367	42583
chr17	79008982	42588,42589
chr17	79009005	42588,42589
chr17	79009704	42588
chr17	79196791	42634,42635
chr17	79197299	42634
chr1	87380556	4373,4374,4375
chr17	79197701	42634
chr17	79451492	-1
chr17	79451505	-1
chr17	79452027	-1
chr17	79479780	42682
chr17	79479798	42682
chr17	79480564	42682,42683
chr17	79481389	42682,42683
chr17	79481799	42683
chr17	79482279	42683,42684
chr1	92950552	4499
chr17	79670410	42725,42726,42727
chr17	79678163	42730
chr17	79678997	42730,42731
chr17	79679002	42730,42731
chr17	79680430	42731
chr17	79680748	-1
chr17	79680771	-1
chr17	79681381	-1
chr17	79790795	-1
chr17	79791550	42733
chr1	92951100	4499
chr17	79791628	42733
chr17	79825727	42747
chr17	79826340	42747,42748
chr17	79868488	42767
chr17	79868507	42767
chr17	79869275	42767,42768
chr17	79979158	-1
chr17	79979163	-1
chr17	79980008	42819
chr17	79980165	42819
chr1	92951410	4500
chr17	80055533	42864,42866,42867
chr17	80056113	42864,42865,42866,42867
chr17	80056117	42864,42865,42866,42867
chr17	80060002	-1
chr17	80060114	-1
chr17	80060921	-1
chr17	80060933	-1
chr17	80170716	42874,42875
chr17	80170748	42874,42875
chr17	80171434	42874
chr1	3372948	373,374
chr1	94146446	-1
chr17	80175165	-1
chr17	80175585	-1
chr17	80175680	-1
chr17	80184982	42876,42878
chr17	80185417	42876,42878
chr17	80185868	42876,42878
chr17	80186434	42876,42878
chr17	80186964	42877,42878
chr17	80249901	42905,42906,42907
chr17	80250557	42904,42905,42906,42907
chr1	94147142	4577
chr17	80250579	42904,42905,42906,42907
chr17	80267953	-1
chr17	80268003	-1
chr17	80268738	-1
chr17	80674668	42977,42978,42979
chr17	80846743	-1
chr17	80847529	-1
chr17	80847552	-1
chr18	322744	-1
chr18	323434	-1
chr1	94147424	4577,4578
chr18	323487	-1
chr18	3246639	43118,43120,43121
chr18	3247308	43118,43119,43120,43121
chr18	3247382	43118,43119,43120,43121
chr18	5296940	43160,43162
chr18	5297739	43162
chr18	5298505	-1
chr18	5298543	-1
chr18	9803159	-1
chr18	9803392	-1
chr1	95285192	4624
chr18	9804078	-1
chr18	12377092	43335
chr18	12377750	43335
chr18	12377782	43335
chr18	12947545	43367,43368,43369
chr18	28681841	43572,43573
chr18	30383712	-1
chr18	30384666	-1
chr18	30384707	-1
chr18	33768364	43725
chr1	95285692	4623,4624
chr18	46307139	-1
chr18	46307673	-1
chr18	46307766	-1
chr18	46308595	-1
chr18	46475510	43837
chr18	47340190	43867,43868
chr18	55470676	43973,43974,43975,43976,43977
chr18	56066393	43996
chr18	56066411	43996
chr18	56067361	-1
chr1	95286033	4623,4624
chr18	56338817	44008,44009,44010
chr18	60384050	44072
chr18	61034166	44098
chr18	67956293	44131
chr18	71959396	44154,44155,44156
chr18	74207540	44203,44204,44205
chr18	74534911	44211,44213
chr18	77693988	-1
chr18	77694804	-1
chr18	77694824	-1
chr1	109756993	4795
chr19	572611	44331,44332
chr19	660437	-1
chr19	661040	-1
chr19	661061	-1
chr19	815041	44404,44405,44407
chr19	815681	44404,44405,44406,44407
chr19	816028	44405,44406,44407
chr19	816660	44405,44406
chr19	1028093	-1
chr19	1040532	44459,44461
chr1	110881602	4945,4946,4947,4948
chr19	1040988	44459,44461,44462
chr19	1248636	44509,44511
chr19	1252580	-1
chr19	1266427	44522,44523
chr19	1812160	44641
chr19	1847852	44651,44652,44653
chr19	1848666	44651,44654,44655
chr19	1848689	44651,44654,44655
chr19	2474733	44774
chr19	2474757	44774
chr1	110881620	4945,4946,4947,4948
chr19	2475611	44774,44775
chr19	2476150	44774,44775,44776
chr19	2476155	44774,44775,44776
chr19	2782745	-1
chr19	2783420	44810
chr19	2783457	44810
chr19	2900555	44830
chr19	2900950	44830
chr19	2900974	44830
chr19	3761073	44930,44932
chr1	110882150	4946,4947,4948,4949
chr19	3761685	44930,44931,44932
chr19	3761758	44930,44931,44932
chr19	3984845	44963,44964
chr19	3985424	44964,44965
chr19	3985445	44964,44965
chr19	4152797	44990
chr19	4153577	44990
chr19	4153691	44990
chr19	4534775	45050
chr19	4575525	-1
chr1	3688874	408,409
chr1	112282151	5032,5033
chr19	4576308	-1
chr19	4576404	-1
chr19	4639113	45060
chr19	4640064	45061
chr19	4640084	45061
chr19	4723947	45074,45076
chr19	4724019	45074,45076
chr19	4724661	45074,45076,45077
chr19	4724719	45074,45076,45077
chr19	5344031	-1
chr1	113161620	5074,5075,5078
chr19	5623087	45147,45148
chr19	5693422	-1
chr19	5870473	45200
chr19	5871212	45200
chr19	5871233	45200
chr19	5909261	-1
chr19	7293562	-1
chr19	7661243	-1
chr19	8578090	-1
chr19	8579028	45524
chr1	113162427	5076,5077,5078
chr19	8579049	45524
chr19	8590637	45525
chr19	9929614	45581
chr19	9929637	45581
chr19	9930380	45581
chr19	10654260	45714,45715
chr19	10654620	45714,45715
chr19	10655185	45715
chr19	11200174	45826,45827
chr19	11592788	45915
chr1	113162430	5076,5077,5078
chr19	11593611	45915
chr19	11593646	45915
chr19	11908431	45944
chr19	11909034	45944
chr19	11909404	45944,45945
chr19	12902338	46043
chr19	12902359	46043
chr19	12902956	46044
chr19	12903500	46044
chr19	12904479	46044
chr1	113162911	5076,5077
chr19	13049402	46080,46081,46082
chr19	13049464	46080,46081,46082
chr19	13050143	46081,46082
chr19	14542970	46209,46210
chr19	14543627	46209,46210
chr19	14543889	46210
chr19	14607121	46224
chr19	14607591	46224
chr19	15434863	-1
chr19	15434882	-1
chr1	115053160	-1
chr19	15435497	-1
chr19	15783739	46335,46336
chr19	17185370	46457,46460
chr19	17186297	46458,46459,46460
chr19	17186315	46458,46459,46460
chr19	17354615	-1
chr19	17355315	46479
chr19	17355337	46479
chr19	17358158	46478
chr19	17502001	-1
chr1	115053501	-1
chr19	17502003	-1
chr19	17502500	-1
chr19	17649725	46525
chr19	17650187	46525
chr19	17650630	46525
chr19	18389008	-1
chr19	18389695	46640
chr19	18389726	46640
chr19	18402880	-1
chr19	18403479	-1
chr1	115053908	5206
chr19	18528499	46657,46658,46659
chr19	18529332	46657,46658,46659,46660
chr19	18530235	46659,46660
chr19	18551415	-1
chr19	18552082	-1
chr19	18552353	-1
chr19	18699596	46694,46695
chr19	18699610	46694,46695
chr19	18700456	46695
chr19	19209364	-1
chr1	119869702	-1
chr19	19209776	-1
chr19	19210320	-1
chr19	30207105	46997
chr19	30334745	-1
chr19	30335274	-1
chr19	32895569	47028,47029
chr19	34663202	47119
chr19	35490018	47200
chr19	35490378	47200,47201
chr19	35491000	47200,47201
chr1	119870132	5342
chr19	35521383	47212,47213,47214
chr19	36135313	-1
chr19	36135960	47303
chr19	37095593	47440,47442
chr19	37096101	47441,47442
chr19	37096454	47441
chr19	39900192	47666
chr19	39900486	47666
chr19	39900888	-1
chr19	39935428	47678,47680
chr1	949352	36
chr1	6295182	484,485,486
chr1	119870646	5342
chr19	39936189	47678,47679,47680
chr19	39936212	47678,47679,47680
chr19	40723469	47746
chr19	40724275	47746,47747
chr19	40724285	47746,47747
chr19	40732261	-1
chr19	40854417	47768,47769
chr19	40854998	47768
chr19	40855337	47768
chr19	41770790	-1
chr1	150229318	5572,5573
chr19	41831823	-1
chr19	42364267	47946,47947
chr19	42364277	47946,47947
chr19	42364879	47947
chr19	42462901	47970
chr19	42721875	47998,47999,48000
chr19	42750797	-1
chr19	42758448	48021
chr19	45198223	-1
chr19	45198228	-1
chr1	150229706	5572,5573
chr19	45198926	-1
chr19	45250901	48195
chr19	45251372	48195
chr19	45311384	48198
chr19	45348196	48207,48209
chr19	45348198	48207,48209
chr19	45349048	48207,48209
chr19	45408020	48219,48220
chr19	45408950	48219,48220
chr19	45931700	-1
chr1	150230185	5572,5573
chr19	45988671	-1
chr19	46009788	48337
chr19	46009833	48337
chr19	46010582	48336,48337
chr19	46388961	48399,48400
chr19	46389567	48399,48400,48401
chr19	46389587	48399,48400,48401
chr19	46404444	-1
chr19	46498369	48408
chr19	46498386	48408
chr1	150230611	5573
chr19	46498937	48408
chr19	47731204	48551
chr19	47731209	48551
chr19	47731985	48551
chr19	47746821	-1
chr19	47747438	48556
chr19	47747446	48556
chr19	48017520	48600
chr19	48018286	48601
chr19	48018304	48601
chr1	151255195	5720,5722,5723,5725
chr19	49117600	48733
chr19	49138673	48742,48743
chr19	49310576	48770,48771
chr19	49468107	48802,48803,48804
chr19	49468581	48802,48803,48804
chr19	49468646	48802,48803,48804
chr19	50168651	48955,48956,48958,48959,48961
chr19	51298587	49118
chr19	51299245	49118
chr19	54376843	49338,49339
chr1	154192325	5954,5955,5956,5958,5959
chr19	54384936	49341,49342
chr19	54974884	49417,49418,49419
chr19	54975464	49417,49418,49419
chr19	55727931	49491
chr19	56092288	49565,49566
chr19	56092869	49566
chr19	56092877	49566
chr19	56622245	-1
chr19	56653171	49623,49624
chr19	56653714	49624
chr1	155036105	6092
chr19	56653769	49624
chr19	58513572	49794,49796
chr19	58513594	49794,49796
chr19	58514252	49795,49796
chr19	58912780	49845
chr19	58912818	49845
chr19	58913688	49845
chr2	676760	49923,49924,49925,49927
chr2	677435	49923,49924,49926,49927
chr2	677446	49923,49924,49926,49927
chr1	155294329	6177,6179,6181,6182,6183,6184,6185
chr2	3468825	-1
chr2	3622845	50029,50030
chr2	3622861	50029,50030
chr2	3623720	50029,50031
chr2	8279712	-1
chr2	9938399	-1
chr2	9938446	-1
chr2	9939157	-1
chr2	9939949	-1
chr2	9939975	-1
chr1	155294368	6177,6179,6181,6182,6183,6184,6185
chr2	9940847	-1
chr2	10089831	-1
chr2	10090699	50169
chr2	10091626	50168,50169
chr2	10443420	50195
chr2	10541252	-1
chr2	10830067	50227,50228
chr2	11295668	50255
chr2	11494642	50274
chr2	11494662	50274
chr1	6296101	485,486,487,488
chr1	155295048	6179,6181,6184,6185,6186
chr2	11495635	50274
chr2	11511034	-1
chr2	11511082	-1
chr2	11511717	-1
chr2	11646161	-1
chr2	11646175	-1
chr2	11646912	-1
chr2	20407502	-1
chr2	20408069	-1
chr2	20408501	-1
chr1	159893481	6504
chr2	20423840	50461,50462,50464
chr2	20424756	50461,50462,50463,50464
chr2	20425191	50461,50463,50464
chr2	20425193	50461,50463,50464
chr2	20425708	50461,50463
chr2	20865922	50502,50503,50505
chr2	20866545	50502,50503,50505
chr2	20867493	50504
chr2	20867524	50504
chr2	20875572	50506
chr1	159894189	6504
chr2	20876172	50506
chr2	20876233	50506
chr2	21241458	-1
chr2	21255396	50543
chr2	21265050	50546
chr2	21265129	50546,50548
chr2	21265993	50548
chr2	21266032	50548
chr2	21266199	50548
chr2	21266899	50548,50549
chr1	161188425	-1
chr2	21266915	50548,50549
chr2	26101389	50739
chr2	26466952	50774
chr2	26467689	50773,50774
chr2	26467713	50773,50774
chr2	26568642	50783,50784
chr2	26568832	50783,50784
chr2	26569047	50783,50784
chr2	26569618	50783,50785
chr2	27309485	50855,50856,50857
chr1	167683937	-1
chr2	27309493	50855,50856,50857
chr2	27310147	50855,50857
chr2	27602858	50930,50931,50933
chr2	27603241	50930,50931,50933
chr2	27603754	50932,50933
chr2	27632603	50943
chr2	27632606	50943
chr2	27633228	50943
chr2	27886323	50986,50987,50988,50989,50990,50991
chr2	27886741	50987,50988,50989,50990,50991
chr1	167684803	-1
chr2	27887222	50988,50991
chr2	27960670	-1
chr2	27961473	-1
chr2	27961527	-1
chr2	28613750	51018,51019
chr2	29118022	51055
chr2	32581918	51174,51175,51178
chr2	32581959	51175,51178
chr2	32582167	51175,51178
chr2	36583567	51245,51246
chr1	167684825	-1
chr2	36584365	51246
chr2	36584913	-1
chr2	36584918	-1
chr2	36607747	-1
chr2	36608350	-1
chr2	36608395	-1
chr2	38829314	51389
chr2	38830063	51387,51388,51389
chr2	38830067	51387,51388,51389
chr2	39663740	51443,51445
chr1	169454580	6926
chr2	39664562	51444,51445
chr2	39664584	51444,51445
chr2	42274198	51492,51494
chr2	42274870	51491,51492,51494
chr2	42281249	51496,51497
chr2	42281278	51496,51497
chr2	42282093	51497
chr2	42569672	-1
chr2	42721704	51531,51532,51534
chr2	43385195	-1
chr1	169455356	6925,6926
chr2	43385690	-1
chr2	43386070	-1
chr2	43389753	-1
chr2	43420501	-1
chr2	43421374	-1
chr2	43421394	-1
chr2	43452155	51570,51572,51573
chr2	46524938	51714,51715,51717
chr2	46525805	51714,51715,51717
chr2	46526374	51714,51716,51717
chr1	169455371	6925,6926
chr2	46527003	51716
chr2	46533659	-1
chr2	46533664	-1
chr2	46534454	-1
chr2	46844111	51750,51751,51752
chr2	46844132	51750,51751,51752
chr2	46844386	51751,51752
chr2	46926032	51760,51761
chr2	47403623	51809,51810,51811
chr2	47403662	51809,51810,51811
chr1	6296108	485,486,487,488
chr1	171710701	6988
chr2	47403870	51809,51810,51811
chr2	47630331	51819
chr2	47631016	-1
chr2	47631095	-1
chr2	48010434	51838
chr2	48010813	-1
chr2	48011256	-1
chr2	54815785	-1
chr2	54816661	-1
chr2	54816663	-1
chr1	171711237	6987,6988
chr2	63419661	-1
chr2	63419690	-1
chr2	63420237	-1
chr2	64370860	52373
chr2	64371477	52372,52373
chr2	64371501	52372,52373
chr2	64680968	52379,52380,52381,52382
chr2	64681306	52379,52380,52381,52382
chr2	64681806	52379,52381,52382,52383
chr2	65527732	-1
chr1	171711245	6987,6988
chr2	65528426	-1
chr2	65528431	-1
chr2	65658111	-1
chr2	65658888	-1
chr2	65659226	-1
chr2	65659881	52469
chr2	65659902	52469
chr2	65662163	52470,52471
chr2	65662986	52470,52471
chr2	65663005	52470,52471
chr1	178694944	-1
chr2	65663734	52471
chr2	65664888	-1
chr2	65664904	-1
chr2	65665477	-1
chr2	68290107	52498
chr2	68290160	52498
chr2	68291048	52498
chr2	69309995	-1
chr2	70142263	52607
chr2	70142283	52607
chr1	178995496	7141
chr2	70142845	-1
chr2	70322477	52633
chr2	70369950	-1
chr2	70369955	-1
chr2	70370779	-1
chr2	70780439	-1
chr2	70781376	52672
chr2	70781390	52672
chr2	70784518	-1
chr2	71222123	52705,52706,52708
chr1	179198644	7155,7156
chr2	71222138	52705,52706,52708
chr2	71222719	52705,52706,52708
chr2	71357222	52719,52720,52721
chr2	71357761	52720,52721
chr2	71357791	52720,52721
chr2	73115039	-1
chr2	73440550	52817
chr2	73441287	52817
chr2	73441302	52817
chr2	74153880	52892
chr1	182992485	7320
chr2	74153934	52892
chr2	74154140	52892
chr2	74710220	52983,52984,52985,52986
chr2	74710319	52983,52984,52985,52986
chr2	74710420	52983,52984,52986
chr2	74752716	53002
chr2	74753364	53002,53003
chr2	74753384	53002,53003
chr2	74780896	53015,53016,53017
chr2	75005241	-1
chr1	183441295	7332,7334
chr2	75005315	-1
chr2	75005886	-1
chr2	75749888	53054,53055
chr2	75749912	53054,53055
chr2	75750782	53054,53055
chr2	84685766	53141
chr2	84686625	53140,53141
chr2	84686647	53140,53141
chr2	85554189	53178
chr2	85555126	53178,53179,53180
chr1	201438285	7583,7584
chr2	85555149	53178,53179,53180
chr2	85555349	53178,53179,53180
chr2	85647943	53200
chr2	85647997	53200
chr2	85648681	-1
chr2	86115439	53267,53269
chr2	86116167	53267,53268,53269
chr2	86116265	53267,53268,53269
chr2	88926844	53400,53401,53402,53403
chr2	88927434	53401,53402,53403
chr1	202087302	-1
chr2	88927454	53401,53402,53403
chr2	91761068	-1
chr2	91761877	-1
chr2	91762054	-1
chr2	95688189	-1
chr2	95688205	-1
chr2	95688788	-1
chr2	97303665	53589,53590
chr2	97304106	53589,53590,53591
chr2	97304139	53589,53590,53591
chr1	9241486	-1
chr1	202088261	-1
chr2	97484611	-1
chr2	97485103	-1
chr2	97485129	-1
chr2	97522998	-1
chr2	97523945	53618
chr2	97523997	53618
chr2	99346848	53725
chr2	99347374	53723,53724,53725
chr2	99347841	53723,53724
chr2	99952142	53753
chr1	202088280	-1
chr2	99952754	53752,53753
chr2	99952810	53752,53753
chr2	101179425	53820,53821
chr2	101396667	-1
chr2	101441421	-1
chr2	101442314	-1
chr2	101442343	-1
chr2	101767705	53856,53857
chr2	101768156	53856,53857
chr2	101768581	53856
chr1	203274680	7800,7801
chr2	102182514	-1
chr2	102183333	-1
chr2	102183356	-1
chr2	102759610	53916,53918
chr2	106361751	-1
chr2	106362385	-1
chr2	106362734	-1
chr2	113403548	54210,54211,54213,54214,54215
chr2	113403552	54210,54211,54213,54214,54215
chr2	113404502	54210,54212,54213,54214,54215
chr1	203274700	7800,7801
chr2	113483234	54224
chr2	113483650	54224
chr2	118572130	54344
chr2	118572139	54344
chr2	118573026	-1
chr2	121223756	54439,54440
chr2	121223775	54439,54440
chr2	121224018	54439,54440
chr2	122324903	-1
chr2	122325068	-1
chr1	203275097	7800
chr2	122325718	-1
chr2	128458274	54603,54604,54605,54607
chr2	128458900	54604,54605,54607
chr2	128459039	54604,54605,54607
chr2	128459749	54605,54606,54607
chr2	129066586	54668
chr2	129067570	54668
chr2	129067581	54668
chr2	134878506	54803
chr2	136499382	54888
chr1	205600346	8011
chr2	136499486	54888
chr2	136500028	54889
chr2	152684293	-1
chr2	152684320	-1
chr2	152684873	55139
chr2	152684897	55139
chr2	153192191	-1
chr2	158732254	55269,55271
chr2	158732931	55269,55270,55271
chr2	158732960	55269,55270,55271
chr1	205601222	8012
chr2	159313940	55280,55282,55283,55285
chr2	159314695	55280,55282,55284,55285
chr2	159314700	55280,55282,55284,55285
chr2	159824478	55312
chr2	159825111	55312
chr2	159825161	55312
chr2	161078854	-1
chr2	161349287	55395
chr2	161349308	55395
chr2	161350284	55395,55396,55397
chr1	205601227	8012
chr2	163435823	-1
chr2	163436580	-1
chr2	163436593	-1
chr2	170550972	55668,55669,55670
chr2	170551165	55668,55669,55670
chr2	170551177	55668,55669,55670
chr2	170573212	-1
chr2	170683912	55687
chr2	170683932	55687
chr2	170684479	-1
chr1	211872690	-1
chr2	171785497	55746,55747,55748
chr2	171785505	55746,55747,55748
chr2	171785705	55746,55747,55748
chr2	173205074	-1
chr2	173940620	55875
chr2	173941112	55876
chr2	173941370	55876
chr2	174220084	-1
chr2	176045675	55977,55978,55980
chr2	176046543	55978,55979,55980
chr1	212782935	-1
chr2	176046552	55978,55979,55980
chr2	183902415	56335
chr2	183903063	56334,56335
chr2	183903233	56334,56335
chr2	190445730	56458,56459
chr2	190445753	56458,56459
chr2	190446111	56458,56459
chr2	191398941	56526
chr2	191399435	56526,56527
chr2	191399634	56527
chr1	9241508	-1
chr1	212783279	-1
chr2	196521969	56629,56630,56631
chr2	196522094	56629,56630,56631
chr2	196522871	56630,56631
chr2	198571509	56731
chr2	200322581	56756,56757,56758,56759,56762
chr2	203241487	56977,56979,56980
chr2	208394762	57184,57185,57186
chr2	208890292	57227
chr2	208890298	57227
chr2	208890882	57227
chr1	212783781	-1
chr2	209118905	57238,57239
chr2	209118922	57238,57239
chr2	209119780	57238,57240
chr2	215674280	57368,57369
chr2	215674895	57368,57369
chr2	215674950	57368,57369
chr2	216300500	57435
chr2	216300726	57435,57436
chr2	216300738	57435,57436
chr2	218654683	-1
chr1	222638827	-1
chr2	218764377	57530
chr2	218764383	57530
chr2	218765033	-1
chr2	219081751	57563,57564
chr2	219082237	57563
chr2	219082586	57563
chr2	219157294	57597,57598
chr2	219157316	57597,57598
chr2	219158113	57597,57598
chr2	219187997	57599
chr1	222638847	-1
chr2	219261000	57612
chr2	219261052	57612
chr2	219261635	57613
chr2	219867379	-1
chr2	220083066	57729,57730
chr2	220083807	57730,57731
chr2	220083843	57730,57731
chr2	220408758	57840,57841
chr2	220408767	57840,57841
chr2	220409447	57840
chr1	222639679	-1
chr2	223535706	57918
chr2	224810094	57950,57951
chr2	231902798	-1
chr2	231917752	-1
chr2	231917762	-1
chr2	231918534	-1
chr2	232052244	-1
chr2	232052609	-1
chr2	232052611	-1
chr2	232537763	-1
chr1	226078845	8575
chr2	232552072	-1
chr2	232552138	-1
chr2	232552934	-1
chr2	232571713	58262,58263
chr2	232571741	58262,58263
chr2	232572456	58262,58263,58265
chr2	232574942	58264,58266,58267,58268,58269
chr2	233740490	58354,58355,58356,58358
chr2	233741299	58356,58358
chr2	233877959	58364
chr1	226250532	8584,8585,8586,8587,8588,8589
chr2	233878054	58364
chr2	233878552	58364
chr2	233924639	-1
chr2	233925175	-1
chr2	233925378	-1
chr2	233926440	-1
chr2	233926451	-1
chr2	233927387	-1
chr2	233928104	-1
chr2	233928195	-1
chr1	227506169	8667,8669
chr2	234160249	58368
chr2	234160258	58368
chr2	234160451	58368
chr2	235913974	-1
chr2	235914432	-1
chr2	235914460	-1
chr2	236423481	-1
chr2	236423494	-1
chr2	236424090	-1
chr2	236450787	58451
chr1	228783961	-1
chr2	236450791	58451
chr2	236451540	58451,58452
chr2	238875551	58575,58576
chr2	238875556	58575,58576
chr2	238876188	58576
chr2	238876964	58576
chr2	241543887	58730
chr2	241543913	58730
chr2	241544840	58730
chr2	241796265	-1
chr1	228918824	-1
chr2	241796941	-1
chr2	241796982	-1
chr2	241853021	58776
chr2	241853473	58776
chr2	241853972	58776
chr2	241854425	58776
chr2	242088518	58810,58813
chr2	242089442	58809,58811,58813
chr2	242089446	58809,58811,58813
chr2	242447452	58895
chr1	9242466	681
chr1	228919508	-1
chr2	242448147	58894,58895
chr2	242448166	58894,58895
chr2	242714476	58947,58948
chr2	242750199	58949,58950,58952
chr2	242750207	58949,58950,58952
chr2	242750968	58949,58952,58953
chr20	343284	-1
chr20	343288	-1
chr20	344038	-1
chr20	352615	-1
chr1	228919513	-1
chr20	353610	-1
chr20	360646	59003,59004
chr20	361436	59003,59004
chr20	361454	59003,59004
chr20	362039	59004
chr20	362439	-1
chr20	376380	59006,59007
chr20	377013	59006,59007
chr20	377089	59006,59007
chr20	377629	59007
chr1	229070211	-1
chr20	377656	59007
chr20	378585	-1
chr20	621779	-1
chr20	622397	-1
chr20	622413	-1
chr20	626263	-1
chr20	626302	-1
chr20	627081	-1
chr20	633542	59040
chr20	634400	59039,59040
chr1	229071194	-1
chr20	634414	59039
chr20	1099177	59056,59057
chr20	1099182	59056,59057
chr20	1100009	59056
chr20	1308136	59076
chr20	1308948	-1
chr20	1308967	-1
chr20	1855301	-1
chr20	1855589	-1
chr20	1856209	-1
chr1	229761210	8805,8807
chr20	2082538	59124,59126
chr20	2083343	59125,59126,59127
chr20	2083522	59125,59126,59127
chr20	2084053	59125,59127,59128
chr20	2732867	59183
chr20	2821295	59191,59192,59193,59194
chr20	2821775	59192,59193,59195
chr20	2822112	59192,59193,59195
chr20	3026534	59229,59230
chr20	3049825	-1
chr1	230203024	8812
chr20	3049845	-1
chr20	3050301	59232
chr20	3083707	-1
chr20	3084456	-1
chr20	3084460	-1
chr20	3149139	59248
chr20	3203649	59262
chr20	3203668	59262
chr20	3204489	59262
chr20	3748592	59319,59320
chr1	230241247	-1
chr20	3749112	59319,59321
chr20	3749128	59319,59321
chr20	3766785	59325,59327
chr20	3767476	59325,59326,59327
chr20	3767507	59325,59326,59327
chr20	3995604	-1
chr20	4116216	-1
chr20	4116228	-1
chr20	4117060	-1
chr20	4152288	59390
chr1	231557785	8894,8895,8896,8897
chr20	4153195	59391
chr20	4153238	59391
chr20	4982079	59434
chr20	5107488	59445,59446
chr20	5107506	59445,59446
chr20	5107696	59445,59446
chr20	5132995	-1
chr20	5133188	-1
chr20	5133788	-1
chr20	10651684	59652,59653
chr1	235099546	8965
chr20	10652319	59652,59653
chr20	10652356	59652,59653
chr20	10654877	59654,59655,59656
chr20	10654920	59654,59655,59656
chr20	10655523	59654,59655
chr20	11872019	59661
chr20	13201643	59682,59684
chr20	13202415	59682,59684
chr20	13202419	59682,59684
chr20	13202892	59682
chr1	235100296	8965,8966
chr20	13765548	59703,59704,59705
chr20	13765577	59703,59704,59705
chr20	13766050	59704,59706
chr20	13780713	59707
chr20	13781560	59707
chr20	13781601	59707
chr20	14965925	-1
chr20	14965960	-1
chr20	14966741	-1
chr20	16456013	-1
chr1	9293596	685
chr1	235100301	8965,8966
chr20	16456094	-1
chr20	16456797	-1
chr20	16710584	59744
chr20	16710627	59744
chr20	16710812	59744
chr20	17550793	59763,59764
chr20	17585472	-1
chr20	17585940	-1
chr20	17585968	-1
chr20	17592778	-1
chr1	235813186	9023
chr20	17593311	-1
chr20	17690810	-1
chr20	17829534	-1
chr20	17829909	-1
chr20	17830422	-1
chr20	17855249	-1
chr20	17855269	-1
chr20	17856094	-1
chr20	17919833	-1
chr20	17919851	-1
chr1	235813885	9023,9024
chr20	17920744	-1
chr20	20033190	59893,59894
chr20	22564302	-1
chr20	22564878	-1
chr20	22564897	-1
chr20	23330125	60001
chr20	23331000	60001
chr20	23331003	60001
chr20	23338241	-1
chr20	23338760	-1
chr1	235814382	9023,9024,9025
chr20	23338767	-1
chr20	23339718	-1
chr20	23401077	60018
chr20	23402037	60018,60019
chr20	23402077	60018,60019
chr20	23609883	-1
chr20	23609923	-1
chr20	23610815	-1
chr20	23618508	60029
chr20	23618562	60029
chr1	235814418	9023,9024,9025
chr20	23618940	60029
chr20	23642414	-1
chr20	23642469	-1
chr20	23642977	-1
chr20	25035096	-1
chr20	25035832	-1
chr20	25035888	-1
chr20	25176209	60087,60088
chr20	25176333	60087,60088
chr20	25177144	-1
chr1	236562994	-1
chr20	25603848	60136
chr20	25604739	60135,60136
chr20	25604758	60135,60136
chr20	26190051	60158,60159
chr20	30160836	60190
chr20	30160864	60190
chr20	30161600	60189
chr20	30175610	-1
chr20	30175920	-1
chr20	30176042	-1
chr1	236563008	-1
chr20	30194826	60194
chr20	30195191	60194
chr20	30195246	60194
chr20	30252183	60196
chr20	30252261	60196
chr20	30252910	60196
chr20	30252988	60196,60197
chr20	30284127	-1
chr20	30284164	-1
chr20	30285058	-1
chr1	236563518	-1
chr20	30287237	-1
chr20	30292549	-1
chr20	30292569	-1
chr20	30293473	-1
chr20	30300002	-1
chr20	30306946	-1
chr20	30307894	-1
chr20	30307916	-1
chr20	30943023	-1
chr20	30943823	-1
chr1	236657668	-1
chr20	30943834	-1
chr20	30945867	60280,60281,60283
chr20	30945875	60280,60281,60283
chr20	30946833	60280,60282,60283
chr20	30946862	60280,60282,60283
chr20	31062364	60298
chr20	31111144	-1
chr20	31111164	-1
chr20	31111746	-1
chr20	31128452	-1
chr1	236658086	-1
chr20	31129422	-1
chr20	31129432	-1
chr20	31149375	-1
chr20	31151538	-1
chr20	31151558	-1
chr20	31152410	-1
chr20	31152444	-1
chr20	31161406	-1
chr20	31162179	-1
chr20	31162209	-1
chr1	9294382	685
chr1	236658653	-1
chr20	31170152	60305
chr20	31252570	-1
chr20	31252646	-1
chr20	31253336	-1
chr20	31269369	-1
chr20	31269725	-1
chr20	31350353	60314,60315
chr20	31351342	60315
chr20	31351347	60315
chr20	32077617	60364
chr1	236665923	-1
chr20	32078606	-1
chr20	32450587	-1
chr20	32450639	-1
chr20	32451076	-1
chr20	32581772	60413,60414,60415
chr20	32582257	60413,60414
chr20	32582286	60413,60414
chr20	32657563	-1
chr20	32699871	60428
chr20	32842832	-1
chr1	236665941	-1
chr20	32843614	-1
chr20	32843628	-1
chr20	32898498	-1
chr20	32899278	-1
chr20	32899415	60452
chr20	32900016	60452
chr20	32900168	60452
chr20	32900667	60452
chr20	32900684	60452
chr20	33298201	60485,60488,60489,60490,60491,60492
chr1	236666644	-1
chr20	33298464	60485,60488,60489,60490,60491,60492
chr20	33299167	60491,60492,60493
chr20	33589970	-1
chr20	33590036	-1
chr20	33590322	-1
chr20	33762130	60558
chr20	33762651	60558,60559
chr20	33762673	60558,60559
chr20	33875535	-1
chr20	33894295	60579,60580,60581,60582
chr1	236666666	-1
chr20	33894855	60580,60581,60582,60583
chr20	33894952	60580,60581,60582,60583
chr20	34290139	-1
chr20	34290956	-1
chr20	34291117	-1
chr20	34606298	-1
chr20	34606557	-1
chr20	34606803	-1
chr20	34770819	-1
chr20	34771284	60681
chr1	236687275	9059,9061
chr20	34771487	60681
chr20	34973112	-1
chr20	34973125	-1
chr20	34973886	-1
chr20	35374012	60733
chr20	35374619	60734
chr20	35374624	60734
chr20	35489692	60749
chr20	35489702	60749
chr20	35490529	-1
chr1	244997380	9161,9162
chr20	35899066	-1
chr20	35968103	-1
chr20	35969009	-1
chr20	35969023	-1
chr20	35974061	60795,60796
chr20	35974540	60796
chr20	35975378	-1
chr20	36008785	-1
chr20	36008871	-1
chr20	36009703	60797
chr1	244998334	9161,9162
chr20	36010254	60797,60798
chr20	36011156	60797,60798,60799,60801
chr20	36027608	-1
chr20	36027626	-1
chr20	36028429	-1
chr20	36507006	-1
chr20	36507029	-1
chr20	36507799	-1
chr20	36849225	-1
chr20	36849665	-1
chr1	244998371	9161,9162
chr20	36849712	-1
chr20	37063243	60898
chr20	37064054	60899
chr20	37064075	60899
chr20	37075253	60900,60901
chr20	37075273	60900,60901
chr20	37076141	60901
chr20	37214416	-1
chr20	37214447	-1
chr20	37214860	-1
chr10	180317	9285,9287,9289
chr20	37359715	60923
chr20	37360285	-1
chr20	37360292	-1
chr20	37376422	60924
chr20	37377178	60924,60925
chr20	37377189	60924,60925
chr20	37780952	-1
chr20	37780973	-1
chr20	37781593	-1
chr20	39667170	60962,60963
chr1	9294414	685
chr10	5189763	-1
chr20	39667827	60962
chr20	39667847	60962
chr20	42286176	-1
chr20	42286196	-1
chr20	42286807	-1
chr20	43023353	-1
chr20	43023920	-1
chr20	43023930	-1
chr20	43031611	61113
chr20	43062885	-1
chr10	5854725	-1
chr20	43063372	-1
chr20	43063392	-1
chr20	43160474	61138,61139
chr20	43160488	61138,61139
chr20	43161004	61138
chr20	43279945	-1
chr20	43279965	-1
chr20	43280607	61146
chr20	43588359	-1
chr20	43589039	61191
chr10	5855555	9502
chr20	43589057	61191
chr20	43594468	61193
chr20	43595028	61192,61193
chr20	43595201	61192,61193
chr20	44563244	61307,61309
chr20	44972179	-1
chr20	45235769	-1
chr20	45236005	-1
chr20	45236086	-1
chr20	45266420	-1
chr10	5855575	9502
chr20	45266470	-1
chr20	45267278	-1
chr20	45267303	-1
chr20	45268458	-1
chr20	45269270	-1
chr20	45269288	-1
chr20	45299238	61413
chr20	45299737	61413
chr20	45299781	61413
chr20	45300382	61413
chr10	5931832	9508,9510,9511
chr20	45309622	-1
chr20	45309640	-1
chr20	45310142	-1
chr20	45317323	61415,61416
chr20	45317342	61415,61416
chr20	45318077	61417,61418,61419
chr20	46341966	-1
chr20	46414874	61492,61494
chr20	46415450	61492,61494
chr20	46415465	61492,61494
chr10	6130840	9528
chr20	46601895	-1
chr20	46602361	-1
chr20	46602460	-1
chr20	46602978	-1
chr20	47354566	-1
chr20	47355149	-1
chr20	47355456	-1
chr20	47862861	-1
chr20	47863032	-1
chr20	47863202	-1
chr10	6130860	9528
chr20	47895424	61591,61593,61595
chr20	47896403	61591,61593,61595
chr20	48216443	-1
chr20	48217072	-1
chr20	48217108	-1
chr20	48219342	-1
chr20	48219821	-1
chr20	48219839	-1
chr20	48231195	-1
chr20	48231479	-1
chr10	6131474	-1
chr20	48232044	-1
chr20	48232472	-1
chr20	48291449	-1
chr20	48292016	-1
chr20	48292174	-1
chr20	48292292	-1
chr20	48803642	61667
chr20	48804119	61667
chr20	48804417	61667
chr20	48804978	61668
chr10	6244820	9537
chr20	48806572	61668,61669
chr20	48807407	61669,61673
chr20	48807438	61669,61670,61673
chr20	48810781	-1
chr20	48811417	-1
chr20	48811752	-1
chr20	48985296	-1
chr20	48985612	-1
chr20	48986105	-1
chr20	48986399	-1
chr10	6244840	9537
chr20	49021880	-1
chr20	49022605	-1
chr20	49022721	-1
chr20	49023429	-1
chr20	49038585	-1
chr20	49038608	-1
chr20	49039176	-1
chr20	49040109	-1
chr20	49040142	-1
chr20	49051109	-1
chr1	9690182	-1
chr10	6245599	-1
chr20	49057429	-1
chr20	49057496	-1
chr20	49058223	-1
chr20	49126775	61677
chr20	49126782	61677
chr20	49126978	61677
chr20	49278387	-1
chr20	49278439	-1
chr20	49279219	-1
chr20	49360614	-1
chr10	7830044	9591,9592
chr20	49361089	-1
chr20	49361106	-1
chr20	49547187	61707
chr20	49547945	61708
chr20	49547951	61708
chr20	50417515	-1
chr20	50807386	-1
chr20	50808170	61751
chr20	50808331	61751,61752
chr20	52379978	-1
chr10	7830050	9591,9592
chr20	52380566	-1
chr20	52380585	-1
chr20	52559622	-1
chr20	52559661	-1
chr20	52560411	-1
chr20	54933886	61799
chr20	55362726	-1
chr20	55363465	-1
chr20	55363484	-1
chr20	55965968	61846
chr10	7830696	9591
chr20	55966315	61846
chr20	55966822	-1
chr20	56141109	-1
chr20	56145101	-1
chr20	56145499	-1
chr20	56145780	-1
chr20	56152611	-1
chr20	56153354	-1
chr20	56153365	-1
chr20	56157228	-1
chr10	11917440	-1
chr20	56158154	-1
chr20	56162524	-1
chr20	56164980	-1
chr20	56171277	-1
chr20	56171646	-1
chr20	56172136	-1
chr20	57570572	-1
chr20	57570977	-1
chr20	57571057	-1
chr20	57586048	-1
chr10	11917922	-1
chr20	57586155	-1
chr20	57586381	-1
chr20	60812363	62098
chr20	60877020	62108,62109,62110
chr20	60877766	62109,62110,62111
chr20	60877790	62109,62110,62111,62112
chr20	60945198	-1
chr20	60946151	-1
chr20	60946176	-1
chr20	60949876	-1
chr10	11917962	-1
chr20	60950738	-1
chr20	60961455	62132
chr20	60961979	62131,62132,62133
chr20	60962040	62131,62132,62133
chr20	60985270	-1
chr20	61425445	-1
chr20	61425483	-1
chr20	61425988	62175
chr20	61531755	62203
chr20	61531772	62203
chr10	13141809	9650,9651,9652
chr20	61532230	62203
chr20	61553963	-1
chr20	61553984	-1
chr20	61554854	-1
chr20	61556766	-1
chr20	61557106	-1
chr20	61569310	62212,62213
chr20	61569342	62212,62213
chr20	61569836	62212
chr20	61602192	-1
chr10	13142167	9650,9652,9653
chr20	61602882	-1
chr20	61847687	62252,62253,62254,62255
chr20	61847859	62252,62253,62255
chr20	61848511	62252,62253,62255
chr20	61923308	62278
chr20	62257905	62349
chr20	62259811	62350,62351
chr20	62259838	62350,62351
chr20	62260199	62350,62351
chr20	62366010	62387,62388,62389
chr10	13142563	9650,9653
chr20	62366487	62388,62389
chr20	62367000	62388,62389
chr20	62495595	62417,62419
chr20	62495612	62417,62419
chr20	62496419	62417,62418,62419
chr20	62587633	62448
chr20	62587711	62448
chr20	62588506	62448,62449
chr20	62601323	62456
chr20	62611580	62457,62458,62459
chr1	999307	-1
chr1	11072502	830,831
chr10	14226967	-1
chr20	62612366	62457,62458,62459
chr20	62612513	62457,62458,62459,62460
chr20	62672246	62470,62471
chr20	62672895	62471
chr20	62673473	62471
chr20	62686901	62477,62478,62479
chr20	62686906	62477,62478,62479
chr20	62687608	62477,62478,62479
chr20	62687628	62477,62478,62479
chr20	62688525	62478,62479
chr10	14227721	-1
chr20	62711997	62490,62491
chr20	62712650	62490,62491
chr20	62713050	62491
chr20	62713556	-1
chr21	36261694	62848,62849,62851
chr21	37529247	62878,62879,62880
chr21	37692424	62884
chr21	37692463	62884
chr21	37692963	-1
chr21	40176846	63011,63012
chr10	14227725	-1
chr21	40177204	63011,63012
chr21	40177698	63012
chr21	40177831	63012
chr21	40720925	63054,63055,63056,63057,63058
chr21	44394732	63217,63218
chr21	44834902	-1
chr21	44835337	63250,63251
chr21	44835777	63250,63251
chr21	44897429	-1
chr21	44898081	63264
chr10	14879301	9717
chr21	44898106	63264
chr21	45902588	63397
chr21	46266742	-1
chr21	46331018	63449,63450
chr21	46825273	63497,63498,63499,63501
chr21	46829826	-1
chr21	46853004	-1
chr22	19109276	63722
chr22	19109851	63721,63722
chr22	19166566	63740
chr10	14880017	9716,9717
chr22	19167068	63740
chr22	19167172	63740
chr22	20008924	-1
chr22	20104951	63853,63854,63855
chr22	20104983	63853,63854,63855
chr22	20105688	63853,63854
chr22	20849678	63902
chr22	21306368	63952,63953,63954
chr22	22307101	64052
chr22	23411392	64121
chr10	14880291	9716,9717
chr22	23412225	64121
chr22	23521646	64131
chr22	23522183	64131,64132
chr22	23522518	64131,64132
chr22	24115148	64178,64179
chr22	24115884	64179
chr22	24125652	64183
chr22	24126206	-1
chr22	24126648	64184
chr22	24817017	-1
chr10	15210485	9742,9743,9744
chr22	24817475	-1
chr22	24817893	64256,64257
chr22	24946374	-1
chr22	24946388	-1
chr22	24947146	-1
chr22	24989199	64282,64283
chr22	25960161	64318
chr22	25960635	64318
chr22	25961132	-1
chr22	25961381	-1
chr10	15211263	9742,9743,9744
chr22	29664765	64452,64453
chr22	30969594	64598,64600
chr22	31364428	64634,64635,64637,64639
chr22	31365076	64634,64635,64636,64637,64639,64640
chr22	31365246	64634,64635,64636,64637,64639,64640
chr22	31741962	64691,64692,64693,64694
chr22	31742398	64691,64692,64693,64694
chr22	31742852	64691,64692,64694
chr22	31886693	64711,64712
chr22	34317997	64819,64820,64822
chr10	21784843	-1
chr22	37428498	64974
chr22	37429282	-1
chr22	37429293	-1
chr22	37440079	-1
chr22	37440224	-1
chr22	37440788	-1
chr22	37897923	-1
chr22	37897935	-1
chr22	37898826	-1
chr22	37956045	65033,65034
chr10	21822705	9854,9855
chr22	37956507	65033,65034
chr22	37957014	65034
chr22	37965559	-1
chr22	38199020	65083
chr22	38577218	65143
chr22	39647944	-1
chr22	39648015	-1
chr22	39648787	-1
chr22	39706500	-1
chr22	39707044	-1
chr1	11072561	830,831
chr10	21822878	9853,9854,9855
chr22	39707064	-1
chr22	39707789	-1
chr22	39930255	65334
chr22	39930944	-1
chr22	39930960	-1
chr22	42227910	65539,65540,65541
chr22	42227924	65539,65540,65541
chr22	42228636	65540,65541
chr22	42228805	65540,65541
chr22	42486597	65583,65584
chr10	21823581	9853,9855
chr22	42487044	65583,65584
chr22	43010959	65630
chr22	43010965	65630
chr22	43011539	65630
chr22	43410581	-1
chr22	43411314	65677
chr22	43411442	65677
chr22	46375082	-1
chr22	46375847	-1
chr22	46432598	-1
chr10	24754585	9919
chr22	47034345	-1
chr22	47035006	-1
chr22	47035076	-1
chr22	50345461	-1
chr22	50346225	-1
chr22	50360924	-1
chr22	50709370	66065
chr22	50709379	66065
chr22	50710104	66065
chr22	50964863	66123,66124
chr10	24755353	9919
chr3	4534185	66184
chr3	4535034	66183,66184
chr3	4535045	66183,66184
chr3	4535964	66183
chr3	5021285	66203,66205
chr3	5022201	66203,66206,66207
chr3	5022211	66203,66206,66207
chr3	5027869	-1
chr3	5028669	66210
chr3	5028690	66210
chr10	24755484	9919
chr3	5229869	66224,66226
chr3	8704737	-1
chr3	9834717	66325,66326,66328
chr3	9834726	66325,66326,66328
chr3	9835196	66326
chr3	9974623	66358,66360,66361,66362
chr3	9974628	66358,66360,66361,66362
chr3	9975286	66359,66360,66361,66362
chr3	9988299	66364,66365
chr3	9988319	66364,66365
chr10	29607312	-1
chr3	9989011	66365
chr3	12598460	66491
chr3	12598484	66491
chr3	12599361	-1
chr3	13323575	-1
chr3	15901308	66715,66716
chr3	20082444	-1
chr3	38045057	-1
chr3	38045063	-1
chr3	38045996	-1
chr10	43903862	10307
chr3	38158925	-1
chr3	38179460	67124,67126,67127,67128
chr3	40351094	67225,67226,67227,67228
chr3	40351179	67225,67226,67227,67228
chr3	40351761	67225,67227,67228,67229
chr3	42055892	-1
chr3	42642139	67304
chr3	42642154	67304
chr3	42642762	67305
chr3	44551990	67388
chr10	45470673	-1
chr3	48593651	-1
chr3	48594244	67724
chr3	48594639	67724
chr3	49044791	67802,67803
chr3	49044819	67802,67803
chr3	49045533	67803
chr3	49057930	67808,67809,67810,67812,67814,67815
chr3	49058910	67811,67813,67814,67815
chr3	49058930	67811,67813,67814,67815
chr3	49203855	67870
chr10	45471324	-1
chr3	49449674	67897,67899,67900
chr3	49449754	67897,67899,67900
chr3	49450321	67897,67899
chr3	49507139	67905
chr3	49703465	-1
chr3	49704112	67916,67917,67918
chr3	49704119	67916,67917,67918
chr3	51976145	68155,68156,68157
chr3	51976250	68155,68156,68157
chr3	51977094	68155,68157
chr10	45472129	10339
chr3	52090780	68194
chr3	52244848	-1
chr3	52273073	68215,68216
chr3	52333436	-1
chr3	52333780	-1
chr3	52334231	-1
chr3	52444026	68264,68265,68266,68267
chr3	52444746	68265,68266,68267,68268
chr3	52444764	68265,68266,68267,68268
chr3	53879980	68430,68431,68433
chr1	11072707	830,831
chr10	45472948	10339,10340
chr3	65939223	-1
chr3	71631729	68837,68840
chr3	71632259	68837,68838,68840,68841
chr3	71632802	68837,68838,68839,68840,68841
chr3	72192739	-1
chr3	72192756	-1
chr3	72193236	-1
chr3	98451745	68990,68992
chr3	98452084	68990,68992
chr3	105085579	69112
chr10	45473385	10339,10340
chr3	105085587	69112
chr3	105086472	-1
chr3	111804822	69180
chr3	113415316	69239,69241
chr3	113415639	69239,69241
chr3	113416150	69239,69241
chr3	114866214	69308
chr3	119813333	69383,69385,69386,69387
chr3	122786444	-1
chr3	125094180	69652
chr10	45474189	10340,10341
chr3	125898877	69673,69674
chr3	126194456	69696
chr3	127771925	-1
chr3	127813293	-1
chr3	127813323	-1
chr3	127814189	-1
chr3	128841666	69857,69858
chr3	128997656	69882,69883
chr3	128997862	69882,69883
chr3	128998573	69883
chr10	45474208	10340,10341
chr3	129035083	69887,69888,69889
chr3	129035092	69887,69888,69889
chr3	129035695	69888,69889
chr3	129345089	-1
chr3	132441125	70024,70025,70026
chr3	133292605	70031,70034
chr3	133293249	70032,70033,70034
chr3	133293563	70032,70033,70034
chr3	133465176	70054
chr3	133465288	70054
chr10	46089841	-1
chr3	133465890	70055
chr3	134092546	70108,70109
chr3	134093340	70108,70109,70110
chr3	134093346	70108,70109,70110
chr3	136470741	70152
chr3	136537870	70154
chr3	136538349	-1
chr3	137892945	-1
chr3	137893784	70170
chr3	137893806	70170
chr10	46090353	10359
chr3	138047965	-1
chr3	138048282	70177
chr3	138048739	70177,70178
chr3	140660667	70248,70249
chr3	140660687	70248,70249
chr3	140661222	70249
chr3	141120816	70274,70275
chr3	141121291	70274,70275
chr3	141121682	70275
chr3	141205943	70286
chr10	46090362	10359
chr3	143690813	70362,70363,70364,70365,70368
chr3	148317925	-1
chr3	148318819	-1
chr3	148318896	-1
chr3	152878535	70565
chr3	152879327	70565,70566
chr3	169684543	70784,70785,70786,70787
chr3	169684552	70784,70785,70786,70787
chr3	169685093	70784,70785,70787
chr3	170075466	70810,70811
chr10	46974949	-1
chr3	171758201	70866,70867,70868
chr3	183353441	71041,71042
chr3	183354296	-1
chr3	183966755	71133,71134,71136
chr3	183966771	71133,71134,71136
chr3	183967502	71133,71135,71136
chr3	183967630	71133,71135,71136
chr3	183968236	71133,71135
chr3	185959818	-1
chr3	185960490	71267
chr10	46975518	-1
chr3	185960526	71267
chr3	186649132	71318
chr3	187462681	-1
chr3	187463288	71356,71357,71358
chr3	187463444	71356,71357,71358
chr3	193429460	-1
chr3	193430122	-1
chr3	193430133	-1
chr3	193462125	-1
chr3	193462148	-1
chr10	46975893	-1
chr3	193463090	-1
chr3	193859180	71451,71452
chr3	194215075	-1
chr3	194215831	-1
chr3	194215867	-1
chr3	194979834	-1
chr3	194980238	-1
chr3	194980799	-1
chr3	195808327	71560
chr3	195809011	71560,71561
chr1	11918911	923
chr10	46976336	-1
chr3	195809026	71560,71561
chr3	196696123	71623
chr3	196696823	71623
chr3	196696885	71623
chr3	196756256	71630
chr3	196756797	71630,71631
chr3	197193107	-1
chr3	197463653	71676
chr4	53936	-1
chr4	667328	71756,71757,71760
chr10	54068246	-1
chr4	668109	71756,71758,71759,71760
chr4	668159	71756,71758,71759,71760
chr4	1003862	71823,71825,71827
chr4	1242087	71861,71863,71865
chr4	1242460	71861,71862,71863,71865,71867
chr4	1243075	71861,71862,71864,71865,71867,71868
chr4	1714014	71893,71894,71895
chr4	1748983	-1
chr4	2470093	71995
chr4	2470517	71995
chr10	54068292	-1
chr4	2470964	71995
chr4	2537239	-1
chr4	2792591	-1
chr4	2792913	72013
chr4	2793429	72013
chr4	2964699	72049,72051
chr4	2965136	72050,72051,72052
chr4	2965155	72050,72051,72052
chr4	3075639	72055
chr4	3076151	72054,72055
chr10	54068663	-1
chr4	3076435	72054,72055
chr4	3076961	72054
chr4	3287861	-1
chr4	4261417	-1
chr4	4261434	-1
chr4	4262157	-1
chr4	4861407	72154
chr4	4861425	72154
chr4	4861946	-1
chr4	5712952	72164,72165
chr10	54531543	10496
chr4	6756410	-1
chr4	6756417	-1
chr4	6757069	-1
chr4	6784329	72229,72230
chr4	6785263	72230
chr4	6785296	72230
chr4	7044014	72263,72265
chr4	7044386	72265
chr4	7044884	72264,72265
chr4	15004078	72389,72390,72391,72392,72394
chr10	54531585	10496
chr4	17516920	-1
chr4	17517544	-1
chr4	17517563	-1
chr4	18023337	72477
chr4	26862800	-1
chr4	42658804	72784,72786
chr4	55099598	72899,72901
chr4	55099617	72899,72901
chr4	55100576	-1
chr4	57774608	72966
chr10	54532419	10496,10497
chr4	69215157	-1
chr4	69215772	73016
chr4	69215804	73016
chr4	71570276	73049
chr4	71570997	73050
chr4	71705448	73065,73066,73067
chr4	77871441	73251,73252,73253
chr4	77871932	73251,73252,73253
chr4	77872182	73252,73253
chr4	78078646	73280
chr10	61665359	-1
chr4	78980035	-1
chr4	79434666	73310
chr4	83294360	73342,73343,73345
chr4	83295178	73344,73345
chr4	83295232	73344,73345
chr4	88928696	73514
chr4	88929026	-1
chr4	88929601	-1
chr4	99182260	73572
chr4	99182750	73572
chr10	64577197	10611,10612,10613
chr4	99183108	-1
chr4	108911140	73732
chr4	108911712	-1
chr4	108912112	-1
chr4	120548382	73878,73879
chr4	124320129	73928
chr4	124520290	-1
chr4	124521183	-1
chr4	124521276	-1
chr4	126236899	73946
chr10	71906655	10804,10806,10807
chr4	128982366	73966
chr4	129208926	73972,73973
chr4	129209453	73972,73973
chr4	129209477	73972,73973
chr4	140098227	74015,74017
chr4	140098897	74015,74017
chr4	140222410	74020,74021
chr4	140222504	74020,74021
chr4	140223387	74020,74022
chr4	157892491	74303
chr1	11919524	923
chr10	74032753	10936,10937,10938,10939
chr4	183838690	74519,74520,74521
chr4	185306848	-1
chr4	187645127	74715,74719
chr4	190652079	-1
chr4	190652115	-1
chr4	190653072	-1
chr5	757341	74793
chr5	758341	-1
chr5	759248	-1
chr5	1135520	-1
chr10	74032769	10936,10937,10938,10939
chr5	1182927	-1
chr5	1565061	74877
chr5	1799411	-1
chr5	1799976	74884,74886
chr5	1800030	74884,74886
chr5	1800768	74884,74886
chr5	1800799	74884,74886
chr5	1801624	74884,74885,74886
chr5	5312971	-1
chr5	5313493	-1
chr10	74033689	10937,10938,10939
chr5	5313504	-1
chr5	10250552	74961,74962
chr5	10250578	74961,74962
chr5	10251091	74961,74964
chr5	31532129	75167,75168
chr5	32312444	-1
chr5	36876746	75332,75334,75335,75336,75337
chr5	56247913	75682,75683
chr5	60627348	75746
chr5	74160955	76048
chr10	74079904	-1
chr5	74161639	76047,76048
chr5	74161641	76047,76048
chr5	77072109	76126,76127
chr5	77944088	76151
chr5	77944592	76150,76151
chr5	77944980	76150
chr5	80256833	-1
chr5	92916597	76374
chr5	92918724	76375,76376,76377,76378,76380
chr5	92918730	76375,76376,76377,76378,76380
chr10	74080623	-1
chr5	92919681	76380
chr5	95066654	76428
chr5	95066999	76428
chr5	95067564	-1
chr5	95193752	-1
chr5	95294825	-1
chr5	95296454	76458
chr5	95297025	76458
chr5	95297027	76458
chr5	95998505	76463
chr10	74080642	-1
chr5	102594411	76550,76551
chr5	102594712	76551
chr5	102595261	76551
chr5	102595557	-1
chr5	107717181	76558,76559,76561
chr5	107718078	76558,76560,76561,76562
chr5	121412568	76789
chr5	122181107	76795
chr5	132165811	76989,76991
chr5	132165822	76989,76991
chr10	75385187	-1
chr5	132166406	76990,76991,76992
chr5	132387639	77028,77029
chr5	132387659	77028,77029
chr5	132388358	77028
chr5	133562672	77098,77100,77102
chr5	133802526	-1
chr5	133861732	77119,77121
chr5	133862633	77119,77122
chr5	133862658	77119,77122
chr5	133863339	77122
chr10	75385803	11024
chr5	134369812	77184,77185,77186
chr5	137673451	77301,77302
chr5	137673989	77302,77303
chr5	137674008	77302,77303
chr5	138088778	77359
chr5	139030661	77443,77445
chr5	139034792	-1
chr5	139076569	-1
chr5	139077261	-1
chr5	139492735	77463,77464,77467
chr10	75385823	11024
chr5	139493628	77464,77467
chr5	139493639	77464,77467
chr5	139494054	77465,77467
chr5	141703749	77714,77716
chr5	141704567	77714,77715,77716
chr5	141704573	77714,77715,77716
chr5	142149954	77733
chr5	142150578	-1
chr5	142150904	-1
chr5	148759328	77858
chr10	76995090	11153
chr5	148759775	77858
chr5	148760713	77858
chr5	148787319	-1
chr5	148832079	-1
chr5	148832133	-1
chr5	148832979	-1
chr5	149865199	77980,77981
chr5	149865648	77981,77982
chr5	149865944	77982
chr5	149866827	77982
chr1	11919537	923
chr10	76995817	11154
chr5	149954785	-1
chr5	151151554	78112,78113,78114
chr5	153825684	78150,78151
chr5	156692872	78206,78207
chr5	156693249	78206,78207
chr5	156693539	78207
chr5	167718655	78326
chr5	167719480	-1
chr5	167792118	-1
chr5	170814838	78372
chr10	76995835	11154
chr5	170814858	78372
chr5	170815656	-1
chr5	172192573	-1
chr5	172192990	-1
chr5	172193008	-1
chr5	172195404	78414
chr5	172259879	78421
chr5	172260083	78421
chr5	172260834	78421
chr5	172571517	78453
chr10	77158832	11158,11159,11163
chr5	172571521	78453
chr5	172572016	78454
chr5	172756900	78467,78468,78469
chr5	173163619	-1
chr5	175843640	78533
chr5	175976799	-1
chr5	176433123	-1
chr5	176448949	78576
chr5	176449642	78575,78576
chr5	176449659	78575,78576
chr10	77159372	11159,11160,11163
chr5	176524646	-1
chr5	176525241	-1
chr5	176525578	-1
chr5	176739116	78601,78602,78603
chr5	176782122	-1
chr5	176790129	-1
chr5	176873945	78623,78624,78626,78627
chr5	176884785	78631
chr5	176884787	78631
chr5	176885314	-1
chr10	77159658	11159,11160,11163
chr5	176923949	78644,78645
chr5	177631546	78702,78704
chr5	177631559	78702,78704
chr5	177632033	78704
chr5	177632531	78703,78704,78705
chr5	177639301	-1
chr5	179234469	78789,78791
chr5	179248777	78797,78798
chr5	179263907	78805,78806
chr5	179264429	78805
chr10	77160226	11159,11160,11161,11163,11165
chr5	179264754	78805
chr6	1311914	78967,78968,78969
chr6	1312384	78967,78968,78969
chr6	1312397	78967,78968,78969
chr6	1312922	78969,78970
chr6	1335821	-1
chr6	1336686	-1
chr6	1336691	-1
chr6	2765715	79023
chr6	2765782	79023
chr10	81964873	11330
chr6	2766700	79024,79025
chr6	3751497	79128,79130
chr6	3841407	-1
chr6	3841412	-1
chr6	3842131	-1
chr6	4018776	79140
chr6	4018937	79140
chr6	4018978	79140
chr6	4136314	79162,79163
chr6	7139372	79238
chr10	88516121	11431,11432
chr6	7139390	79238
chr6	7140247	-1
chr6	7542704	79272,79274
chr6	7543297	79272,79274,79275
chr6	7543302	79272,79274,79275
chr6	7910208	79310,79311
chr6	7910984	79310,79311,79312
chr6	13407236	-1
chr6	13487751	79472,79473,79474
chr6	13574626	79476,79477
chr10	88516128	11431,11432
chr6	13574637	79476,79477
chr6	13575575	79476
chr6	15249262	79520,79521,79522,79523
chr6	17600493	79580
chr6	17988135	79608,79609
chr6	17988482	79608
chr6	17988977	79608
chr6	20403083	79652,79653
chr6	20403710	79652,79653
chr6	20404015	79652,79653,79654
chr10	88517087	11431
chr6	21589009	79671
chr6	24645991	-1
chr6	24646323	79734
chr6	24646761	79734
chr6	24721023	79748,79749,79750,79751
chr6	24721039	79748,79749,79750,79751
chr6	24721900	79750,79751,79752
chr6	25992307	79833
chr6	25992832	79833
chr6	25992926	79833
chr1	12290712	-1
chr10	89264626	11463,11464,11465
chr6	26026633	-1
chr6	26027468	79837
chr6	26027491	79837
chr6	26103479	79851
chr6	26104186	79851
chr6	26104198	79851
chr6	26105139	-1
chr6	26312387	-1
chr6	26313347	-1
chr6	26313368	-1
chr10	89264646	11463,11464,11465
chr6	26572126	-1
chr6	26572159	-1
chr6	26572923	-1
chr6	26596166	79919,79920
chr6	26596200	79919,79920
chr6	26597085	79919,79920,79921,79922
chr6	27760034	-1
chr6	27760148	-1
chr6	27760581	-1
chr6	27798698	-1
chr10	89265222	11463,11465
chr6	27798766	-1
chr6	27799345	79979
chr6	28831982	80058,80059
chr6	28832646	80058,80059
chr6	28833623	-1
chr6	28863417	-1
chr6	28863466	-1
chr6	28864112	-1
chr6	30585079	80241,80242,80243
chr6	30585084	80241,80242,80243
chr10	90751122	11497,11498,11500
chr6	30585528	80241,80242,80243
chr6	30711661	80285,80287,80288
chr6	30712271	80285,80287,80288,80289
chr6	30712312	80285,80287,80288,80289
chr6	31514593	80402,80403,80404,80405
chr6	31514601	80402,80403,80404,80405
chr6	31515308	80403,80405,80406
chr6	31913580	80569,80570,80571
chr6	31913848	80569,80570,80571,80572
chr6	31914479	80570,80571,80572,80573
chr10	90751774	11497,11499,11500
chr6	33165582	80755,80756
chr6	33166389	80757,80758
chr6	33166422	80757,80758
chr6	33265368	80790,80791,80792,80793,80796
chr6	33281694	80800
chr6	33281725	80800
chr6	33282427	80800,80801
chr6	33756025	80882,80883
chr6	33756997	80883,80884
chr6	33757017	80883,80884
chr10	90751828	11497,11499,11500
chr6	34191342	80908
chr6	34192002	80908
chr6	34192006	80908
chr6	35227363	80997,80998
chr6	35228015	80997
chr6	35228145	80997
chr6	35441849	-1
chr6	35464242	-1
chr6	35464640	-1
chr6	35465134	81019
chr10	95360444	11656,11657
chr6	35655958	81037
chr6	35655987	81037
chr6	35656907	81038
chr6	35656910	81038
chr6	36797852	-1
chr6	36797877	-1
chr6	36798421	-1
chr6	37070593	-1
chr6	37070652	-1
chr6	37071202	-1
chr10	95361049	11657,11658
chr6	41513868	81396,81397
chr6	41702666	81420,81421,81422
chr6	41703376	81420,81421,81422,81423
chr6	41703417	81420,81421,81422,81423
chr6	41908886	81456
chr6	41909589	81456,81457
chr6	41909604	81456,81457
chr6	42085843	-1
chr6	42713777	81513,81514,81515,81517
chr6	42714419	81513,81515,81516,81517
chr10	95361058	11657,11658
chr6	43139167	81614
chr6	43139200	81614
chr6	43139976	81615
chr6	44026263	-1
chr6	44026283	-1
chr6	44027184	-1
chr6	44041649	81750
chr6	52930071	82050
chr6	52930121	82050
chr6	52930967	-1
chr10	95361931	11657,11658,11659
chr6	53224167	82074
chr6	53224437	82074
chr6	53225167	82074
chr6	53659692	82091
chr6	53659713	82091
chr6	53660567	-1
chr6	82461792	82404,82405,82406,82408
chr6	86352952	82481,82482,82483
chr6	86388410	82486,82487,82488,82489
chr6	86388424	82486,82487,82488,82489
chr1	12588586	-1
chr10	97415730	-1
chr6	86388634	82486,82487,82488,82489
chr6	88381557	-1
chr6	88381577	-1
chr6	88382460	-1
chr6	105388247	82669,82670
chr6	105389187	82670
chr6	105389232	82670
chr6	127837410	83314,83315,83316
chr6	127837436	83314,83315
chr6	127838054	83315,83317
chr10	97416021	-1
chr6	131184816	-1
chr6	131184826	-1
chr6	131185717	-1
chr6	134495270	83514,83515,83516,83517,83519
chr6	134495941	83516,83517,83518,83519
chr6	134495959	83516,83517,83518,83519
chr6	134496706	83517,83518,83520
chr6	138893609	83703,83704
chr6	138893618	83703,83704
chr6	138894305	83703,83704
chr10	97416486	11753
chr6	139309474	83728
chr6	139309495	83728
chr6	139310431	83728
chr6	139695751	83741,83742
chr6	139695764	83741,83742
chr6	139696604	83742
chr6	143189332	-1
chr6	143381447	83800
chr6	143381813	83799,83800
chr6	143382282	83799
chr10	97803254	11777,11778
chr6	144416793	83851,83852
chr6	144416882	83851,83852
chr6	144417625	83851,83852
chr6	146056034	83895
chr6	146056055	83895
chr6	146056778	83896
chr6	146865174	-1
chr6	149638622	83990,83991
chr6	149638639	83990,83991
chr6	149639160	83991
chr10	97803264	11777,11778
chr6	150181408	-1
chr6	150181990	-1
chr6	150182048	-1
chr6	154781732	84203
chr6	154782694	84203
chr6	154782716	84203
chr6	154831104	-1
chr6	155635926	84242
chr6	155636128	84242
chr6	155636136	84242
chr10	97804209	11777
chr6	155649926	84243
chr6	157802074	84280,84281,84282
chr6	158652235	84354
chr6	158652865	84354
chr6	158652872	84354
chr6	158957248	84370,84372
chr6	158957259	84370,84372
chr6	158958186	84371,84372
chr6	158993196	84377
chr6	158993216	84377
chr10	98591797	11839
chr6	158993841	84377
chr6	160147503	84449
chr6	160147958	84449
chr6	160148051	84449
chr6	160389880	84485
chr6	160389918	84485
chr6	160390815	-1
chr6	160558486	-1
chr6	167720866	-1
chr6	167721470	-1
chr10	98592106	11838,11839
chr6	168083873	-1
chr6	168084005	-1
chr6	168084756	84744,84745
chr7	916126	84976
chr7	916144	84976
chr7	916657	-1
chr7	1196860	85025,85026
chr7	1196976	85025,85026
chr7	1197701	85026
chr7	2150080	-1
chr10	98592664	11838
chr7	2150625	-1
chr7	2150647	-1
chr7	2442771	85130
chr7	2442821	85130
chr7	2443497	-1
chr7	2670014	85151
chr7	5463052	85252,85253
chr7	5463695	85253,85254
chr7	5463715	85253,85254
chr7	5596029	-1
chr10	99167672	-1
chr7	6143586	85321
chr7	6144242	85321
chr7	6144255	85321
chr7	6488157	85346
chr7	19748532	85504
chr7	19748711	85504
chr7	19749225	85504
chr7	24612777	85610
chr7	30174743	85796,85797
chr7	32931228	85879,85880
chr1	15479997	1027,1029,1030
chr10	101861506	-1
chr7	32931855	85879,85880
chr7	35077031	85909
chr7	35840582	85919,85920
chr7	35840648	85919,85920
chr7	35840783	85919,85920
chr7	36193479	85928,85930
chr7	36194271	85928
chr7	38218061	85969
chr7	38218081	85969
chr7	38218703	-1
chr10	101988801	-1
chr7	43622453	86049,86051
chr7	43622471	86049,86051
chr7	43623447	86050
chr7	43624019	86050
chr7	43624038	86050
chr7	43798066	86068,86069
chr7	43944923	86078
chr7	43944940	86078
chr7	43945650	86078,86079
chr7	44529729	-1
chr10	101989363	12029
chr7	44530372	86150
chr7	44530471	86150
chr7	47514183	-1
chr7	47514914	-1
chr7	47514918	-1
chr7	55146280	-1
chr7	73707261	86663
chr7	73707399	86663
chr7	73707887	-1
chr7	73869973	-1
chr10	101989380	12029
chr7	73994375	-1
chr7	73994408	-1
chr7	73995011	-1
chr7	75367870	-1
chr7	75368248	86722
chr7	75368732	86722
chr7	75535389	86729
chr7	75535408	86729
chr7	75535615	86729
chr7	75544480	86730
chr10	102729651	12087
chr7	75544488	86730
chr7	75545154	-1
chr7	75677357	86748,86749
chr7	75677377	86748,86749
chr7	75678066	86748
chr7	76038267	-1
chr7	87257633	86909
chr7	92462501	87025
chr7	92462508	87025
chr7	92463457	87026,87027
chr10	102730174	12087,12089
chr7	98740661	-1
chr7	98741119	-1
chr7	98973033	87244,87246
chr7	99678677	87370,87371
chr7	99679338	87371,87372
chr7	99679413	87371,87372
chr7	99699127	87386,87388,87389,87390
chr7	100033410	-1
chr7	100034057	87449
chr7	100034105	87449
chr10	102757558	12101,12102
chr7	100171047	-1
chr7	100303627	87516
chr7	100303647	87516
chr7	100304357	-1
chr7	100701860	-1
chr7	100701878	-1
chr7	100702793	-1
chr7	101241828	-1
chr7	101242209	-1
chr7	101242680	-1
chr10	102758150	12101,12102
chr7	101245907	-1
chr7	101800267	-1
chr7	104653368	87785,87786,87789
chr7	104653992	87785,87786,87787,87789
chr7	104654002	87785,87786,87787,87789
chr7	104654743	87785,87787,87788,87789
chr7	121035714	-1
chr7	121036341	88145
chr7	121036469	88145
chr7	122526891	88161,88162,88163
chr10	102791884	12108,12109,12111,12112
chr7	130795299	88478,88479
chr7	134576238	88565
chr7	134576860	-1
chr7	134895617	88603
chr7	134896108	88603,88604
chr7	134896592	88604
chr7	140624166	88810
chr7	140624849	88810,88811
chr7	140624864	88810,88811
chr7	142981805	88871,88872,88874
chr10	102819932	12117
chr7	142982197	88871,88872,88874,88875
chr7	142982642	88874,88875
chr7	143093517	-1
chr7	143604192	-1
chr7	143604201	-1
chr7	143604666	-1
chr7	150020422	89030,89031
chr7	150021376	89030,89032,89033
chr7	150021840	89030,89032,89033
chr7	150075351	89053,89054
chr1	15480229	1027,1029,1030
chr10	102820523	12116,12117,12118
chr7	150075453	89053,89054
chr7	150076092	89053,89054
chr7	150102415	89060,89061
chr7	150102428	89060,89061
chr7	150103279	-1
chr7	150757101	89099,89101
chr7	150783564	89118
chr7	150784555	-1
chr7	150929541	89137,89138,89140
chr7	150929557	89137,89138,89140
chr10	102820533	12116,12117,12118
chr7	150930215	89138,89139,89140
chr7	156685714	89308
chr7	158610733	-1
chr7	158611346	89429
chr7	158611371	89429
chr8	580357	-1
chr8	581118	-1
chr8	581136	-1
chr8	8244485	89532,89533
chr8	8750261	89541,89542,89543,89545
chr10	102820978	12116,12117,12118
chr8	8750616	89541,89542,89543,89545
chr8	8751202	89543,89545,89546
chr8	11424782	-1
chr8	11424796	-1
chr8	11425341	-1
chr8	11665712	89635,89636,89637
chr8	11666102	89636,89637
chr8	11666425	89637
chr8	11704306	89646,89647
chr8	11710911	89654,89655
chr10	103874097	-1
chr8	11711509	89654,89655
chr8	11711720	89654,89655,89656
chr8	11712304	89655,89656
chr8	21882280	89917,89918
chr8	21966515	-1
chr8	22857438	90074
chr8	22858331	-1
chr8	22858347	-1
chr8	27441688	-1
chr8	30242063	90373,90374
chr10	104404019	12304
chr8	30584839	90395
chr8	37887784	90471,90472,90473
chr8	37888028	90472,90473
chr8	37888506	90472
chr8	38089086	90488,90489
chr8	38089092	90488,90489
chr8	38089840	90489
chr8	48651016	90733
chr8	56986933	90827,90828
chr8	56987132	90827,90828
chr10	104404332	12304
chr8	56987138	90827,90828
chr8	61430136	90869
chr8	67578847	90962,90963,90964,90966
chr8	67579674	90963,90964,90965,90966
chr8	67579846	90964,90965,90966
chr8	71519910	91022,91023,91025
chr8	71520725	91022,91024,91025
chr8	71520728	91022,91024,91025
chr8	87332246	-1
chr8	87332669	-1
chr10	104404828	12303,12304
chr8	87333169	-1
chr8	91657651	91229
chr8	95961633	91313,91314,91315
chr8	98657184	91359,91360
chr8	98788001	91368
chr8	99129345	91392,91393,91394
chr8	99129360	91392,91393,91394
chr8	99129917	91392,91394
chr8	101225241	91435
chr8	101225247	91435
chr10	104535918	12320
chr8	101225782	91436
chr8	103668001	91550,91551,91553,91554
chr8	103668913	91553
chr8	103875534	91571,91573
chr8	103876344	91571,91572,91573
chr8	103876347	91571,91572,91573
chr8	117778086	91672
chr8	117778704	91671,91672
chr8	117778813	91671,91672
chr8	120221408	-1
chr10	105616046	12416
chr8	126442501	91903,91904
chr8	126442513	91903,91904,91905
chr8	126443499	91905,91906
chr8	126444409	91905,91906,91907
chr8	126451833	-1
chr8	134229528	-1
chr8	134388853	-1
chr8	134582703	92063
chr8	134583315	92063
chr8	137042858	-1
chr10	105616057	12416
chr8	142137508	92170
chr8	142138250	92170
chr8	142244087	-1
chr8	142244888	-1
chr8	142244902	-1
chr8	143481311	-1
chr8	143481329	-1
chr8	143482215	-1
chr8	143715279	-1
chr8	143750631	92230
chr1	999712	-1
chr1	15480717	1027,1029
chr10	105616801	12416
chr8	143821002	-1
chr8	143821605	92239
chr8	144358427	92287
chr8	144653464	92320
chr8	144653529	92320
chr8	144654389	-1
chr8	144654869	92321
chr8	144655260	92321
chr8	144679552	92333,92334,92335,92338,92339
chr8	144679703	92334,92335,92338,92339
chr10	119135043	12730,12731,12732,12733
chr8	144680410	92334,92336,92337,92338,92339
chr8	144691330	92342,92343
chr8	144692113	92342,92343,92344
chr8	144815336	92369,92371
chr8	144815652	92369,92371
chr8	144816290	92370,92371
chr8	145133495	92458
chr8	145133577	92458
chr8	145134107	92459
chr8	145158723	92471,92472,92473,92474,92476,92477
chr10	121012425	-1
chr8	145158748	92471,92472,92473,92474,92476,92477
chr8	145158965	92471,92473,92474,92476,92477
chr8	145515291	92483,92484
chr8	145515832	92483
chr8	145516221	92483
chr8	145596941	92518,92519,92520
chr9	6007892	92799
chr9	20622495	92956,92957
chr9	32384578	93019
chr9	32384597	93019
chr10	125853159	12973,12974,12975,12976
chr9	32385088	-1
chr9	32550476	93033,93034
chr9	32550926	93032,93033,93034
chr9	32550933	93032,93033,93034
chr9	33447467	93090
chr9	34612265	93174
chr9	35116279	93238,93239
chr9	37903669	93439
chr9	37904350	93438,93439
chr9	37904357	93438,93439
chr10	126479837	13000
chr9	37967374	-1
chr9	38311756	93457
chr9	71736150	93514,93515
chr9	88356676	93761
chr9	92170772	-1
chr9	92171693	-1
chr9	92171712	-1
chr9	93799738	-1
chr9	93799758	-1
chr9	93800384	-1
chr10	126480406	13000,13001
chr9	93800604	-1
chr9	95964041	-1
chr9	96343578	-1
chr9	100746498	94226,94227,94229,94231
chr9	102582510	94291,94292
chr9	102583250	94291,94292
chr9	102584075	94291,94292
chr9	103236028	-1
chr9	111881743	-1
chr9	111882471	94474
chr10	126480445	13000,13001
chr9	111882489	94474
chr9	114111255	-1
chr9	114111267	-1
chr9	114112218	-1
chr9	115248915	94627,94628
chr9	115249406	94627,94628,94629
chr9	115249815	94627,94629
chr9	115513282	94635
chr9	116842697	-1
chr9	116843246	94733
chr10	128593989	13063
chr9	116843249	94733
chr9	116917049	94736,94738,94739,94740
chr9	123492272	-1
chr9	123492283	-1
chr9	123493102	-1
chr9	123493139	-1
chr9	124061044	94918,94919
chr9	124061609	94918,94919
chr9	124887742	-1
chr9	124888261	-1
chr10	134350805	13133,13134
chr9	124888685	-1
chr9	127020009	95092
chr9	127623449	95136
chr9	127624260	95134,95135,95136
chr9	127624309	95134,95135,95136
chr9	130158985	95274
chr9	130159513	95274
chr9	130341363	95303
chr9	130341382	95303
chr9	130341937	95303,95304
chr10	134351180	13133,13134
chr9	130497030	95332,95333
chr9	130497701	95333,95334
chr9	130497722	95333,95334
chr9	130660256	95375,95376
chr9	130660949	95376
chr9	130660965	95376
chr9	130661924	95377
chr9	130865506	95406
chr9	131486316	95567,95568
chr9	131486806	95567,95568
chr1	15944529	-1
chr10	134351795	13133
chr9	131486831	95567,95568
chr9	131709372	95612,95614
chr9	131709888	95612,95613,95614
chr9	131709933	95612,95613,95614
chr9	131710482	95612,95613
chr9	132176041	95673
chr9	132176522	95673
chr9	132176833	95673
chr9	132250389	95678,95679,95680
chr9	132333515	-1
chr11	695751	13298,13300
chr9	132334150	-1
chr9	132334160	-1
chr9	132369508	-1
chr9	133326095	95764
chr9	133556821	95779
chr9	133557212	95780
chr9	133557554	95780
chr9	133557932	95780
chr9	133811599	-1
chr9	134420887	95892
chr11	819614	13356,13357
chr9	134420949	95892
chr9	134421690	-1
chr9	136009256	-1
chr9	136009280	-1
chr9	136009903	-1
chr9	136214466	96025,96026,96028,96029,96030
chr9	136215037	96025,96027,96028,96029,96030,96031
chr9	136215040	96025,96027,96028,96029,96030,96031
chr9	136227031	-1
chr9	136227731	-1
chr11	819638	13356,13357
chr9	136324712	96060
chr9	136325237	96060
chr9	138391732	96177,96179,96181,96182
chr9	138391750	96177,96179,96181,96182
chr9	138392420	96177,96178,96179,96181,96182
chr9	139010635	96219,96220,96221,96222
chr9	139257861	96237,96238,96240
chr9	139258321	96237,96239,96240
chr9	139258324	96237,96239,96240
chr9	139591756	-1
chr11	820212	13357,13358
chr9	139592150	-1
chr9	139592587	-1
chr9	139838744	96372,96373,96374,96376
chr9	139839291	96373,96374,96375,96376
chr9	139839310	96373,96374,96375,96376
chr9	139949689	96415
chr9	140135797	96489,96490,96491,96492,96493,96494
chr9	140138666	-1
chr9	140139168	-1
chr9	140139503	-1
chr11	844028	13373,13375
chr9	140779192	-1
chr9	140779196	-1
chr9	140779970	-1
chrX	1500228	-1
chrX	2608437	96660
chrX	2608989	96660
chrX	2609419	96660
chrX	3733798	-1
chrX	17754817	96755,96756
chrX	17754836	96755,96756
chr11	844044	13373,13375
chrX	17755738	96755,96756
chrX	18904783	-1
chrX	38664107	96854,96856
chrX	39871966	-1
chrX	39872801	-1
chrX	40014495	96871
chrX	44732403	96918
chrX	48554188	97031
chrX	48555123	97030,97031
chrX	48555129	97030,97031
chr11	844977	13376
chrX	118109350	97490,97491
chrX	139015070	97662,97663
chr11	1594688	13473
chr11	1595528	-1
chr1	16472386	-1
chr11	3829819	13672
chr11	6624876	13766,13767
chr11	6624884	13766,13767
chr11	6625573	13766,13768,13769
chr11	8720802	-1
chr11	10325679	13973,13974,13975
chr11	10326627	13972,13973,13974,13975,13976
chr11	10326639	13972,13973,13974,13975,13976
chr11	10327323	13972,13974,13975,13976
chr11	10562132	13984
chr1	16473120	-1
chr11	10562698	13983,13984
chr11	10562717	13983,13984
chr11	14380029	14115
chr11	16759982	14166,14167,14168,14169,14170
chr11	16760221	14166,14167,14168,14169,14170
chr11	16760236	14166,14167,14168,14169,14170
chr11	17405671	-1
chr11	18404982	-1
chr11	18416130	14262,14263
chr11	18416146	14262,14263
chr1	16481756	1160
chr11	18416895	14263,14264
chr11	22688097	14346,14347
chr11	22688466	14347
chr11	22688957	14347
chr11	33795623	14506
chr11	33796051	14506,14507
chr11	33796342	14506,14507
chr11	34378588	14551,14553
chr11	34379456	14551,14552,14553
chr11	34379500	14551,14552,14553
chr1	16971278	1210,1211,1212,1214,1215
chr11	34516972	-1
chr11	34517296	-1
chr11	34517806	-1
chr11	34675828	-1
chr11	34676537	14567
chr11	34676558	14567
chr11	46740369	14856,14857
chr11	47198469	14906,14907,14908,14909
chr11	47198980	14907,14908,14909,14910
chr11	47291421	14929
chr1	16971297	1210,1211,1212,1214,1215
chr11	57225567	-1
chr11	57424921	15078
chr11	57424949	15078
chr11	57425159	15078
chr11	58346321	15127,15129
chr11	58346340	15127,15129
chr11	58347195	15127
chr11	59436874	15176,15177
chr11	61099899	15251,15253,15254
chr11	61100589	15251,15252,15253,15254,15255
chr1	16971924	1211,1213,1214,1215
chr11	61100594	15251,15252,15253,15254,15255
chr11	62379031	15446,15447,15449
chr11	62379377	15446,15447,15449
chr11	62380058	15446,15447,15448,15449
chr11	62494842	15495,15496,15497
chr11	62494899	15495,15496,15497
chr11	62495760	15495,15496,15497
chr11	62554146	15504
chr11	62554886	15503,15504
chr11	62554910	15503,15504
chr1	16972174	1211,1213,1214,1215,1216
chr11	62609136	15524,15525,15526,15527
chr11	63534169	15586,15587,15588
chr11	63534866	15587,15588
chr11	63535865	15588
chr11	63536539	15589,15590
chr11	63684015	-1
chr11	63684036	-1
chr11	63684609	15607,15608
chr11	64511258	15735,15736
chr11	64526810	-1
chr1	19226905	-1
chr11	64527418	15746
chr11	64528418	15746,15747
chr11	64646063	15791,15792
chr11	64646220	15791,15792
chr11	64646282	15791,15792
chr11	64880009	15842,15844,15845
chr11	64888978	15848,15849,15851
chr11	64889628	15848,15849,15850,15851,15852
chr11	64889822	15848,15849,15850,15851,15852
chr11	64948749	15864,15865
chr1	999957	-1
chr1	19282177	1299
chr11	64948757	15864,15865
chr11	64949597	15862,15863,15865,15866
chr11	65189756	15903
chr11	65190425	15902,15903
chr11	65190482	15902,15903
chr11	65197494	15908,15909
chr11	65210622	15918,15919
chr11	65211193	15918,15919,15920
chr11	65212049	15920
chr11	65244050	-1
chr1	19393632	-1
chr11	65244823	15922
chr11	65244942	15922
chr11	65254288	-1
chr11	65255213	-1
chr11	65255237	-1
chr11	65256780	-1
chr11	65257432	-1
chr11	65257454	-1
chr11	65627069	16043,16044,16045
chr11	65627299	16043,16044,16045
chr1	19393988	-1
chr11	65627827	16044,16045
chr11	65658146	16058
chr11	65658823	-1
chr11	65685958	16063,16064,16065,16067,16068
chr11	65686800	16063,16064,16065,16066,16067,16068
chr11	65686819	16063,16064,16065,16066,16067,16068
chr11	65769697	16078,16079,16080,16081
chr11	65769722	16078,16079,16080,16081
chr11	65770370	16078,16080,16081
chr11	66725406	16257
chr1	19394446	-1
chr11	66725757	16257,16258
chr11	66726320	16258
chr11	67029775	-1
chr11	67400348	-1
chr11	67401114	-1
chr11	67401133	-1
chr11	67895375	-1
chr11	67914011	-1
chr11	67914662	-1
chr11	67914754	-1
chr1	19713014	-1
chr11	68038814	-1
chr11	70050178	-1
chr11	72477591	-1
chr11	72478436	-1
chr11	72478456	-1
chr11	72488591	-1
chr11	72489062	-1
chr11	72489116	-1
chr11	74915277	-1
chr11	74916059	-1
chr1	19713630	-1
chr11	74916153	-1
chr11	75947437	-1
chr11	75947967	16966
chr11	75948492	16966
chr11	76480100	-1
chr11	76480944	-1
chr11	76481869	-1
chr11	76841454	-1
chr11	77898976	17078
chr11	77899503	17077,17078
chr1	19713645	-1
chr11	77899511	17077,17078
chr11	85375461	17171,17172
chr11	85376149	17171,17172,17173,17174
chr11	85376173	17171,17172,17173,17174
chr11	116662262	-1
chr11	116663199	17700,17701
chr11	116663223	17700,17701
chr11	116706206	17708
chr11	118306049	17894,17895,17896
chr11	118306785	17894,17895,17896
chr1	19811669	1392
chr11	118306844	17894,17895,17896
chr11	118799846	-1
chr11	118800445	-1
chr11	118900765	18004,18005
chr11	119039307	18065
chr11	119039377	18065
chr11	119040104	-1
chr12	1100219	18629,18630,18631
chr12	1100246	18629,18630,18631
chr12	1100990	18629,18630
chr1	19811988	1392,1393
chr12	1702831	18648,18649,18650
chr12	1703130	18648,18649,18650
chr12	1703831	18648,18649,18651
chr12	6292485	-1
chr12	6480330	-1
chr12	6643731	18865,18866
chr12	6643774	18865,18866
chr12	6644251	18866,18867,18868
chr12	6651045	-1
chr12	6651520	-1
chr1	19812427	1392,1393
chr12	6651604	-1
chr12	6876092	18940
chr12	6876524	18940,18941,18942
chr12	6877062	18940,18941,18942,18943
chr12	6981679	18986,18989
chr12	7281385	19054,19055,19057
chr12	7281823	19054,19055,19057
chr12	26986072	19504
chr12	31478228	19594,19596
chr12	31926358	-1
chr1	1058862	-1
chr1	20914357	1450
chr12	31926461	-1
chr12	31927067	-1
chr12	33049480	19666
chr12	33050041	19665,19666
chr12	33050108	19665
chr12	39299974	19675
chr12	39300629	19675
chr12	39300632	19675
chr12	46766535	19800,19801,19803
chr12	46766538	19800,19801,19803
chr1	20914431	1450
chr12	46767421	19803
chr12	46776369	19804
chr12	46777073	19804
chr12	46777306	19804
chr12	49482203	-1
chr12	49482205	-1
chr12	49483195	-1
chr12	50017299	20047,20048,20049
chr12	50017407	20047,20048,20049
chr12	50017771	20047,20048
chr1	20915211	1450
chr12	53497316	20398
chr12	53845731	20461
chr12	53845849	20461
chr12	53846301	-1
chr12	53876665	20472
chr12	56473906	20674
chr12	56552158	20713,20714,20715
chr12	56552195	20713,20714,20715
chr12	56552993	20715
chr12	56583454	20726
chr1	21059023	1471
chr12	56583472	20726
chr12	56584137	20726,20727
chr12	56615059	20733
chr12	56615883	20732,20733
chr12	56615932	20732,20733
chr12	56693659	20759
chr12	56694062	20759,20760
chr12	56694489	20760
chr12	57482420	20864,20865
chr12	57482439	20864,20865
chr1	21059028	1471
chr12	57483076	20866
chr12	57543744	-1
chr12	57543838	-1
chr12	57544608	-1
chr12	57913756	20983
chr12	57914262	20982,20983
chr12	57914753	20982,20984
chr12	57915412	20982,20984
chr12	57916181	20982,20984
chr12	57916220	20982,20984
chr1	21059749	1471,1472
chr12	57940452	20999
chr12	57941014	20999,21000
chr12	57941021	20999,21000
chr12	58158987	-1
chr12	58159385	-1
chr12	58159927	21067
chr12	62653935	21104,21105,21106,21107
chr12	62653947	21104,21105,21106,21107
chr12	62654758	21105,21106
chr12	66217360	21201,21202,21204
chr1	21660567	-1
chr12	66218324	21202,21203,21204
chr12	66219000	21203,21204,21205
chr12	68041782	21247
chr12	68042549	21247
chr12	68042931	-1
chr12	68043533	-1
chr12	76060219	-1
chr12	76060246	-1
chr12	76060956	-1
chr12	76952890	21446,21448
chr1	22263022	-1
chr12	76953684	21446,21447,21448
chr12	76953692	21446,21447,21448
chr12	81331368	21501,21502
chr12	88535848	21521,21522,21523
chr12	88535854	21521,21522,21523
chr12	88536717	21521,21522
chr12	89737914	-1
chr12	89738779	-1
chr12	89738817	-1
chr12	89746192	21531,21534,21535,21536,21537,21538,21540
chr1	22264010	1583
chr12	89919221	21546,21548,21549
chr12	92538928	21576,21577,21579
chr12	92539581	21577,21578,21579
chr12	92539593	21577,21578,21579
chr12	94544003	21624
chr12	95866936	21664,21665
chr12	95867862	21665
chr12	95867871	21665
chr12	95868650	21666
chr12	102092017	21804
chr1	23880921	1687
chr12	106642344	21941,21943
chr12	106676502	-1
chr12	106676524	-1
chr12	106677140	-1
chr12	107167225	21963,21964
chr12	107167928	21963,21964
chr12	107167935	21963,21964
chr12	109162962	22043
chr12	110148551	-1
chr12	110149457	-1
chr1	1059751	-1
chr1	23883391	-1
chr12	110159954	-1
chr12	110159973	-1
chr12	110160372	-1
chr12	110485768	-1
chr12	110486278	22173
chr12	110486409	22173
chr12	111841354	-1
chr12	112451201	22295,22296,22297,22298
chr12	114208362	-1
chr12	114208401	-1
chr1	23883780	-1
chr12	114209295	-1
chr12	115105458	22399
chr12	116382069	-1
chr12	116714932	22426,22428
chr12	116715626	22427,22428
chr12	117627676	22463
chr12	117627701	22463
chr12	117628314	22464
chr12	118453796	22474
chr12	118454496	22474
chr1	23884162	-1
chr12	118454516	22474
chr12	118573895	22483,22484,22485
chr12	118573965	22483,22484,22485
chr12	118574680	22483,22485
chr12	120427734	22523,22524,22525,22526
chr12	120554094	22531,22533
chr12	120554127	22531,22533
chr12	120554738	22532,22533
chr12	120906928	22594
chr12	121341291	22655
chr1	23884866	-1
chr12	121341720	22655
chr12	121342214	22654,22655
chr12	121417504	-1
chr12	121418166	-1
chr12	121418179	-1
chr12	122314479	-1
chr12	122314498	-1
chr12	122315081	-1
chr12	123868229	22928,22929
chr12	124965167	-1
chr1	23884882	-1
chr12	124994350	-1
chr12	124995064	-1
chr12	124995068	-1
chr12	132568934	23165
chr12	132569503	-1
chr12	132569529	-1
chr13	20533577	-1
chr13	25085665	-1
chr13	25086388	-1
chr13	25086395	-1
chr1	23920637	-1
chr13	30688546	-1
chr13	30689290	-1
chr13	30689293	-1
chr13	31736561	23552,23553,23554
chr13	34184753	23635
chr13	34184779	23635
chr13	34185468	-1
chr13	45010008	23820,23821
chr13	45010909	23821,23822,23823
chr13	45010969	23821,23822,23823
chr1	24894634	-1
chr13	45914740	23842,23843,23844,23846
chr13	45915284	23843,23844,23845,23846
chr13	45915365	23843,23844,23845,23846
chr13	50018164	23981,23982
chr13	50018182	23981,23982
chr13	50018975	23981
chr13	52026195	24077,24078,24079,24082
chr13	52027143	24077,24078,24079,24080,24081,24082
chr13	52027163	24077,24078,24079,24080,24081,24082
chr13	77600564	-1
chr1	24894640	-1
chr13	77601102	24250,24251
chr13	77601496	24250,24251
chr13	79979416	24277,24279
chr13	79980384	24278,24279
chr13	79980402	24278,24279
chr13	98086512	24390,24391,24392
chr13	98919525	-1
chr13	99853023	24487,24488
chr13	101326948	24548,24549
chr13	101327322	24548,24549
chr1	24895170	-1
chr13	101327729	24548
chr13	111364765	24667,24668,24669,24671
chr13	111365642	24667,24669,24671,24673
chr13	111365655	24667,24669,24671,24673
chr13	111366604	24667,24670,24671,24673,24674,24675
chr13	113548142	24770
chr13	113548967	-1
chr13	113776273	24805
chr13	113777131	24805
chr13	113777152	24805
chr1	25240524	-1
chr13	113808135	-1
chr13	113862425	24822,24823,24825
chr13	113863033	24822,24824,24825
chr13	113863051	24822,24824,24825
chr13	113951498	24833
chr13	113951507	24833
chr13	113952224	-1
chr13	114145296	24851,24852
chr13	114145316	24851,24852
chr13	114146157	24851
chr1	1059775	-1
chr1	26437473	1876,1877,1878
chr14	21155610	24956
chr14	21439513	-1
chr14	21439751	-1
chr14	21439766	-1
chr14	21537059	25002,25003
chr14	21537912	25002,25003,25005
chr14	21538853	25004,25005
chr14	21572070	25022
chr14	21572127	25022
chr14	21572342	25022,25023
chr1	26438158	1878
chr14	21905333	25087
chr14	21905469	25087
chr14	21905928	25087
chr14	23398905	25362,25363,25364
chr14	23399700	25363,25364
chr14	23399724	25363,25364
chr14	23443491	25368,25369
chr14	23446077	25370,25371,25372,25375
chr14	23446079	25370,25371,25372,25375
chr14	23447012	25371,25373,25374,25375
chr1	26438160	1878
chr14	23770134	25434,25436,25437
chr14	23770745	25435,25436,25437
chr14	23770761	25435,25436,25437
chr14	24036289	25510,25511,25512
chr14	24036889	25511,25512,25513
chr14	24036942	25511,25512,25513
chr14	24037795	25513,25514
chr14	24104976	25525
chr14	24105725	25525,25526
chr14	24105739	25525,25526
chr1	27317286	-1
chr14	24521124	25548
chr14	24521756	-1
chr14	24521777	-1
chr14	24583172	25562,25563,25565
chr14	24584027	25563,25564,25565
chr14	24584040	25563,25564,25565
chr14	24721270	-1
chr14	24721831	-1
chr14	24721853	-1
chr14	24739874	25640,25641,25642
chr1	27317306	-1
chr14	24740772	25640,25641,25643
chr14	24740793	25640,25641,25643
chr14	24768186	25647,25649,25650
chr14	24768894	25648,25649,25650
chr14	24768911	25648,25649,25650
chr14	24769487	25648,25650
chr14	24776497	25654,25656,25657
chr14	24777279	25655,25656,25657
chr14	24777483	25655,25657,25658
chr14	34521303	-1
chr1	27318268	1986
chr14	34521987	-1
chr14	34521993	-1
chr14	34567023	-1
chr14	34567579	-1
chr14	34568015	-1
chr14	34801021	-1
chr14	34801090	-1
chr14	34801946	-1
chr14	34931418	25917
chr14	34931426	25917
chr1	27830718	-1
chr14	34931660	25917
chr14	35008853	25923,25924
chr14	35008858	25923,25924
chr14	35009589	25923,25924
chr14	35801633	-1
chr14	35802419	-1
chr14	35873875	25982,25983,25985
chr14	35873897	25982,25983,25985
chr14	35874780	25983,25985
chr14	36002475	25987
chr1	27831519	-1
chr14	36002888	25987
chr14	36003398	25987
chr14	37935916	-1
chr14	37935934	-1
chr14	37936824	-1
chr14	38057226	26037
chr14	38057489	-1
chr14	38058095	-1
chr14	38072227	-1
chr14	38072247	-1
chr1	27831525	-1
chr14	38073113	-1
chr14	50088209	26163,26165
chr14	50234135	26174,26175,26176,26177
chr14	50528550	-1
chr14	50528965	-1
chr14	50529388	-1
chr14	53020047	26304,26305,26307
chr14	57735547	26468,26469
chr14	60715639	26558
chr14	60715780	26558
chr1	27869097	2046,2047
chr14	60716540	26559
chr14	65879861	26749
chr14	69259701	26859,26860,26861
chr14	69445215	26886
chr14	69445950	26886,26887
chr14	69445973	26886,26887
chr14	71787017	27006,27007,27008
chr14	71787033	27006,27007,27008
chr14	71787829	27007,27008
chr14	74225950	27123
chr1	1244129	125,127,128,129
chr1	27869108	2046,2047
chr14	75389013	27222
chr14	75389451	27222
chr14	75389959	27222,27223
chr14	75761027	27270
chr14	75762003	-1
chr14	76044160	27283,27284,27285
chr14	76044194	27283,27284,27285
chr14	76044686	27283,27284,27285
chr14	77499751	-1
chr14	77500481	-1
chr1	27869619	-1
chr14	77500617	-1
chr14	77786786	27371,27373
chr14	77787436	27371,27372,27373,27374
chr14	77787473	27371,27372,27373,27374
chr14	90849713	27551
chr14	90979144	-1
chr14	90980036	-1
chr14	90980099	-1
chr14	94821922	-1
chr14	94822878	-1
chr1	28052163	2064
chr14	94822897	-1
chr14	94843191	-1
chr14	94843198	-1
chr14	94844132	-1
chr14	94854354	-1
chr14	94854976	27763
chr14	94855035	27763
chr14	95015291	-1
chr14	95147012	-1
chr14	95147065	-1
chr1	28052183	2064
chr14	95147769	-1
chr14	95147850	-1
chr14	100018452	-1
chr14	100019127	-1
chr14	100019150	-1
chr14	100020608	-1
chr14	100021252	-1
chr14	100021260	-1
chr14	100070642	27936,27938,27939
chr14	100071017	27936,27938,27939
chr1	28052854	-1
chr14	100071373	27936,27938
chr14	100150250	27945
chr14	100150717	27945
chr14	100151096	-1
chr14	100196442	-1
chr14	100196462	-1
chr14	100197066	-1
chr14	100704394	27974,27975
chr14	100705166	27973,27974,27975
chr14	100705168	27973,27974,27975
chr1	28907513	2140
chr14	101216722	-1
chr14	101217461	-1
chr14	101217519	-1
chr14	101282331	28028
chr14	103006430	-1
chr14	103010520	28192
chr14	103011112	28192
chr14	103011131	28192
chr14	103012062	-1
chr14	103541234	28239
chr1	28908344	2140,2141
chr14	103579191	-1
chr14	104313635	28356,28358
chr14	104314169	28356,28357
chr14	104314604	28356,28357
chr14	104315297	28357
chr14	104355646	-1
chr14	105219468	28414
chr14	105262803	28430,28432
chr14	105262818	28430,28432
chr14	105263622	28432
chr1	28908351	2140,2141
chr14	105266662	28433,28434
chr14	105267393	28434,28435
chr14	105442139	-1
chr14	105442640	-1
chr14	105442643	-1
chr14	105767071	28494
chr14	105767139	28494
chr14	105768043	28495
chr14	105877492	28504
chr14	105878101	28504
chr1	29563499	2192,2193,2194
chr14	105878422	-1
chr14	105943358	28518
chr15	22833411	28539
chr15	22833431	28539
chr15	22834121	-1
chr15	22892652	28545
chr15	31588066	-1
chr15	31589009	-1
chr15	31589054	-1
chr15	31618107	28677
chr1	31654500	2239,2240
chr15	31619103	28677,28679,28680
chr15	31619901	28678,28679,28680
chr15	39872575	28780,28781
chr15	39873294	28780,28781,28782
chr15	39873315	28780,28781,28782
chr15	39874052	28781,28782
chr15	40398282	28828
chr15	40398856	28828,28829
chr15	40398943	28828,28829
chr15	40399628	28828,28829
