chr1	3816745	418
chr1	3817257	418
chr1	11114057	-1
chr10	102106236	12042,12043
chr5	137673992	77302,77303
chr5	137673997	77302,77303
chr5	151303632	-1
chr5	151304299	78127,78128
chr5	151304310	78127,78128
chr5	167955725	78337,78338
chr5	167955728	78337,78338
chr5	167956189	78337,78338
chr5	175299328	-1
chr5	175300217	-1
chr10	102106299	12042,12043
chr5	175300226	-1
chr5	176036550	-1
chr5	176036918	-1
chr5	176036922	-1
chr5	177666500	-1
chr5	177666769	-1
chr5	177666900	-1
chr5	179247898	78796,78797
chr5	179247951	78796,78797
chr5	179248687	78797,78798
chr10	102106780	12043
chr6	2765781	79023
chr6	24126434	79696,79697
chr6	24126535	79696,79697
chr6	24127192	79697
chr6	24127203	79697
chr6	24721007	79748,79749,79750,79751
chr6	24721040	79748,79749,79750,79751
chr6	24721765	79749,79750,79751,79752
chr6	26055797	79842
chr6	27777878	79974
chr10	102133192	12050
chr6	27777897	79974
chr6	27778094	-1
chr6	31509636	80399,80400,80401
chr6	31510315	80399,80400,80401
chr6	31510317	80399,80400,80401
chr6	31627052	-1
chr6	31627620	-1
chr6	31627640	-1
chr6	31628475	80445
chr6	31707324	80482,80483
chr10	102133220	12050
chr6	32939377	80726
chr6	32940018	80726
chr6	32940249	-1
chr6	33290820	80809,80810,80811
chr6	33291021	80809,80810,80811
chr6	33291327	80809,80810,80811
chr6	33291333	80809,80810,80811
chr6	43027374	81588,81589,81590,81591,81593
chr6	43603289	81724,81725
chr6	43603310	81724,81725
chr10	102133395	12050
chr6	43603509	81724,81725
chr6	45345403	-1
chr6	45345869	81832
chr6	45345965	81832
chr6	52529030	82019,82020
chr6	52529064	82019,82020
chr6	52529413	82019,82020
chr6	111804348	82913,82914,82915
chr6	127837398	83314,83315,83316
chr6	127837400	83314,83315,83316
chr10	103600598	12193,12194
chr6	127838029	83315,83317
chr6	127838047	83315,83317
chr6	127840569	83318
chr6	127841412	83318
chr6	127841416	83318
chr6	132271596	83441,83442,83443,83444
chr6	132272119	83441,83442,83443,83444,83445
chr6	132272510	83442,83443,83444,83445,83446
chr6	134495993	83516,83517,83518,83519
chr6	134496035	83516,83517,83518,83519
chr10	103601085	12194
chr6	134496194	83516,83517,83518,83519
chr6	144606420	83858,83859,83860,83861
chr6	150184574	84038
chr6	150185029	84039
chr6	150185462	84039,84040
chr6	150185470	84039,84040
chr6	155054570	84207,84209
chr6	157342550	84261,84262
chr6	157342590	84261,84262
chr6	157342752	84261,84262
chr10	103601091	12194
chr6	158957249	84370,84372
chr6	158957277	84370,84372
chr6	158957744	84370,84372
chr6	158958249	84371
chr6	160114223	84443,84444,84445,84446
chr6	160114266	84443,84444,84445,84446
chr6	160114754	84444,84445
chr6	160114804	84444,84445
chr6	160147682	84449
chr6	160147963	84449
chr10	104178852	12267,12268,12270,12271
chr6	160147995	84449
chr6	160148235	84448,84449
chr7	2393606	85109,85110,85112
chr7	2394235	85110,85112
chr7	2394434	85110,85112
chr7	11013554	85436
chr7	11014272	-1
chr7	11014276	-1
chr7	26239784	85648,85651
chr7	26239992	85648,85651
chr1	11114063	-1
chr10	104179428	12267,12269,12270,12271,12272,12273
chr7	26240221	85648,85649,85651
chr7	44835796	86196,86197
chr7	44835881	86195,86196,86197
chr7	44836510	86195,86197
chr7	75544245	86730
chr7	75544491	86730
chr7	75544513	86730
chr7	75551001	-1
chr7	75831208	86760
chr7	75831214	86760
chr10	104179472	12267,12269,12270,12271,12272,12273
chr7	75831787	-1
chr7	91763191	86970,86972
chr7	91764096	86970,86971,86972
chr7	91764130	86970,86971
chr7	94139443	87057,87058
chr7	94140031	87058
chr7	94140041	87058
chr7	100701859	-1
chr7	100701867	-1
chr7	100702777	-1
chr10	104221035	12285
chr7	100702798	-1
chr7	100807235	87614
chr7	100807868	87614,87615
chr7	100807871	87614,87615
chr7	100808835	87614,87615,87616
chr7	100808850	87614,87615,87616
chr7	100809415	87615,87616
chr7	148823348	88953,88954
chr7	148823371	88953,88954
chr7	148824153	88953
chr10	104221210	12285
chr8	10847861	-1
chr8	10847864	-1
chr8	10848814	-1
chr8	17764925	89775
chr8	17764966	89775
chr8	17765156	89775
chr8	20054728	89883
chr8	20054730	89883
chr8	20054943	89883
chr8	48872683	90741,90742,90743,90744
chr10	104221732	-1
chr8	48872691	90741,90742,90743,90744
chr8	48872894	90741,90742,90743,90744,90745
chr8	65292637	90921,90922
chr8	65292649	90921,90922
chr8	65293285	90921,90922,90923
chr8	67026671	-1
chr8	67089290	-1
chr8	67089883	90946
chr8	67089888	90946
chr8	67090421	90946
chr10	104221738	-1
chr8	80679791	91103,91105
chr8	80680015	91103,91104,91105
chr8	80680288	91103,91104,91105
chr8	97273711	91334,91335
chr8	97273754	91334,91335
chr8	97274187	91334,91335,91336
chr8	97274197	91334,91335,91336
chr8	103876372	91571,91572,91573
chr8	126010568	91891
chr8	126010571	91891
chr10	105881442	12424,12425
chr8	126010820	91891
chr8	128749405	91934,91935
chr8	141521611	92115,92116,92118
chr8	143713598	-1
chr8	143713615	-1
chr8	143714260	-1
chr8	143714603	-1
chr8	144025188	-1
chr8	144025190	-1
chr8	144025852	-1
chr10	134007066	-1
chr8	145653264	92539,92540,92541
chr8	145653902	92540,92542
chr8	145653998	92540,92542
chr9	35657791	93267
chr9	35657806	93267
chr9	35658409	93267
chr9	35658418	93267
chr9	96928135	94050
chr9	96928142	94050
chr9	96928720	-1
chr10	134007965	-1
chr9	124855024	94981
chr9	124855032	94981
chr9	124855602	94981,94982
chr9	124855680	94981,94982
chr9	130513455	-1
chr9	130513904	95335
chr9	130513911	95335
chr9	131873725	95641,95643
chr9	139096960	96225,96226
chr9	139096972	96225,96226
chr10	134007968	-1
chr9	139097313	96226
chr9	139097765	96226
chr9	139137425	-1
chr9	139137444	-1
chr9	139137643	-1
chr9	139940447	96409,96411,96412
chr9	139941172	96412,96413
chr9	139941203	96412,96413
chr9	140040479	-1
chr9	140041149	-1
chr1	18246120	-1
chr10	134008422	-1
chr9	140041180	-1
chr9	140779188	-1
chr9	140779194	-1
chr9	140780153	-1
chr9	140780799	-1
chrX	68723715	97235,97236
chrX	68723725	97235,97236
chrX	68724319	97235,97236
chr11	9594763	13928,13929,13930,13931
chr11	9594771	13928,13929,13930,13931
chr11	9595277	13929,13930,13931,13932
chr11	45921035	14762
chr11	45921046	14762
chr11	45921545	14762,14763
chr11	46410288	-1
chr11	46410290	-1
chr11	46411126	-1
chr1	18246128	-1
chr11	46413619	14816
chr11	46413628	14816
chr11	46414258	14816,14817
chr11	46414275	14816,14817
chr11	64879356	15842,15843,15844,15845
chr11	64879373	15842,15843,15844,15845
chr11	64880123	15842,15844,15845
chr11	65266012	15923,15927
chr11	65266521	15923,15927
chr11	65266545	15923,15927
chr1	18246550	-1
chr11	66056480	16138,16139,16140
chr11	66056546	16138,16139,16140
chr11	66057185	16139,16140
chr11	66057188	16139,16140
chr11	66185752	-1
chr11	66186339	-1
chr11	66186345	-1
chr11	77531741	17054,17055
chr11	113345227	-1
chr11	113345229	-1
chr1	26735211	-1
chr11	113346120	-1
chr11	122933418	18231,18232,18233,18234
chr12	39836917	19681,19682
chr12	51441662	20192,20193
chr12	51442132	20192,20193
chr12	51442166	20192,20193
chr12	51984649	20238
chr12	51985090	20238
chr12	51985098	20238
chr12	56473919	20674
chr1	26735216	-1
chr12	56618171	20734
chr12	56618184	20734
chr12	56618960	-1
chr12	58121201	21045
chr12	58121239	21045
chr12	58121667	-1
chr12	58121680	-1
chr12	71832950	21354
chr12	71833616	21354
chr12	71833819	-1
chr1	26736003	1912
chr12	71833853	-1
chr12	71834778	-1
chr12	89746535	21531,21534,21535,21536,21537,21538,21540
chr12	120427225	22523,22525
chr12	120427725	22523,22524,22525,22526
chr12	120427732	22523,22524,22525,22526
chr12	120638893	22552,22553,22554
chr12	120639158	22552,22553,22554
chr12	120639427	22553
chr12	122710464	22800,22801,22802
chr1	26798297	1920,1922,1923
chr12	122710543	22800,22801,22802
chr12	122711017	22800,22801,22802
chr12	122711027	22800,22801,22802
chr12	124068940	22950,22951
chr12	124069434	22950,22952
chr12	124069464	22950,22952
chr13	31191728	23536,23537,23538
chr13	31191998	23537,23538
chr13	31192002	23537,23538
chr13	52586001	24110,24112,24113
chr1	28562465	2116,2117
chr13	52586114	24110,24112,24113
chr13	52586595	24110,24112,24113
chr14	21100418	-1
chr14	21100422	-1
chr14	21101375	-1
chr14	23770604	25434,25435,25436,25437
chr14	23770775	25435,25436,25437
chr14	23771260	25435,25437
chr14	23771334	25435
chr14	24422840	25539,25540
chr1	3817457	418
chr1	28562673	2116,2117
chr14	24423338	25539,25541
chr14	24423342	25539,25541
chr14	24521185	25548
chr14	24521786	-1
chr14	24521789	-1
chr14	24610420	-1
chr14	24610754	25580
chr14	24610795	25580
chr14	24611076	25580
chr14	24630386	25592,25593,25594
chr1	28562697	2116,2117
chr14	24630543	25592,25593,25594
chr14	24630587	25592,25593,25594
chr14	24802113	25673
chr14	24911666	25705
chr14	24911789	25704,25705
chr14	24911960	25704,25705
chr14	24912211	25704,25705
chr14	31028160	25764
chr14	31028334	25764
chr14	31028409	25764
chr1	31654474	2239,2240
chr14	31889164	25832
chr14	31889322	25832
chr14	31889726	25831,25832
chr14	31889898	25831,25832
chr14	35515694	25965
chr14	35516307	-1
chr14	35516322	-1
chr14	35873109	25981,25982,25983,25984
chr14	35873916	25982,25983,25985
chr14	35873973	25982,25983,25985
chr1	31654595	2239,2240
chr14	36002792	25987
chr14	36003120	25987
chr14	36003494	-1
chr14	36003907	-1
chr14	36004549	-1
chr14	36004613	-1
chr14	39644487	26087
chr14	39901311	26112,26113,26115
chr14	39902153	26113,26114
chr14	39902246	26113,26114
chr1	31655330	2239,2240,2241
chr14	50087028	26162,26164,26165
chr14	50087264	26162,26163,26164,26165
chr14	50087538	26162,26163,26164,26165
chr14	50087583	26162,26163,26164,26165
chr14	70233828	26941,26943,26944,26945
chr14	70233881	26941,26943,26944,26945
chr14	70234397	26942,26943,26944,26945,26946
chr14	74416755	27135,27136,27137
chr14	74417037	27136,27137
chr14	74417236	27136
chr1	31655338	2239,2240,2241
chr15	50647209	29408,29409,29410,29411,29412
chr15	50647411	29408,29409,29411,29412
chr15	50647705	29408,29409,29411,29412
chr15	56034705	-1
chr15	56035386	29616,29617
chr15	56035450	29616,29617
chr15	69112162	30258,30261,30263
chr15	69112760	30263
chr15	69113105	30262,30263
chr15	70390960	30303,30304,30305
chr1	32189066	-1
chr15	81071460	30914
chr15	81071760	30914
chr15	81072430	-1
chr15	81073118	-1
chr15	81073121	-1
chr15	91475241	-1
chr15	91475798	31326
chr15	91475939	31326
chr15	93352451	31378,31379
chr15	93352618	31378,31379
chr1	32189541	-1
chr15	93353390	31378,31380
chr15	98447250	-1
chr15	98447282	-1
chr15	98447586	-1
chr16	750789	-1
chr16	750798	-1
chr16	751290	-1
chr16	2954577	-1
chr16	2955355	-1
chr16	2955360	-1
chr1	32189568	-1
chr16	5007770	32505
chr16	5007797	32505
chr16	5008320	32505
chr16	5008339	32505
chr16	11836594	32742
chr16	11836848	32742
chr16	11837091	32742
chr16	14726564	32870
chr16	14726580	32870
chr16	14726783	32870
chr1	32189920	-1
chr16	18812825	33005
chr16	18812832	33005
chr16	18813135	33005
chr16	22018889	33210,33211,33213
chr16	22018916	33210,33211,33213
chr16	22019343	33211,33212,33213
chr16	23159973	-1
chr16	23160395	-1
chr16	23160877	33268
chr16	23160914	33268
chr1	6221874	-1
chr1	33430370	2479,2480
chr16	29874392	33654,33655,33657
chr16	29874695	33654,33655,33657
chr16	29874929	33654,33655,33656,33657
chr16	29911019	33665,33666,33667
chr16	29911404	33665,33666,33667
chr16	29911425	33665,33666,33667
chr16	29911918	33665,33666,33667
chr16	30537470	33799,33800,33802
chr16	30537472	33799,33800,33802
chr16	30538208	33799,33800,33801,33802
chr1	35657772	2567,2568,2569,2570
chr16	30581545	33811
chr16	30582156	33811,33813
chr16	30582181	33811,33813
chr16	30669325	33829,33830
chr16	30669388	33829,33830
chr16	30670047	33830
chr16	30933950	33898,33899,33901,33902
chr16	30934149	33898,33899,33901,33902
chr16	30934476	33898,33900,33901,33902
chr16	30934694	33898,33900,33901,33902
chr1	35658296	2567,2568,2569,2570
chr16	31191495	33966
chr16	31191551	33966
chr16	31191757	-1
chr16	67218047	34917,34918
chr16	67218140	34917,34918
chr16	67218430	34917,34918
chr16	67596447	34997,34998
chr16	67597192	34997,34999
chr16	67597221	34997,34999
chr16	67686717	35008
chr1	35658694	2568,2569,2571
chr16	67686729	35008
chr16	67687261	-1
chr16	67687875	-1
chr16	67687878	-1
chr16	67694794	35009,35011,35012,35013
chr16	67695194	35009,35011,35013
chr16	67695200	35009,35011,35013
chr16	68002739	35084
chr16	68003612	35084
chr16	68003679	35084
chr1	45671441	3305,3306
chr16	69221051	35203
chr16	69221080	35203
chr16	69221562	35204
chr16	70285102	35296,35297
chr16	70285596	35296,35297,35298
chr16	70285815	35296,35297,35298,35299
chr16	74640600	35605
chr16	74640983	35605,35606
chr16	74640985	35605,35606
chr16	81348342	35852,35853,35854
chr1	45671458	3305,3306
chr16	81348554	35852,35853,35854
chr16	81348568	35852,35853,35854
chr16	87526918	36183,36186
chr16	89104158	-1
chr16	89104164	-1
chr16	89104726	-1
chr16	89786995	36443,36444,36446,36448,36449,36450
chr16	89787014	36443,36444,36446,36448,36449,36450
chr16	89787217	36443,36444,36445,36446,36448,36449,36450
chr16	89787352	36443,36444,36445,36446,36448,36449,36450
chr1	45671974	3305,3307
chr16	89984377	36490,36491,36492
chr16	89984488	36490,36491,36492
chr16	89985230	36491,36492
chr17	1953099	-1
chr17	1953452	-1
chr17	1953459	-1
chr17	1953910	-1
chr17	7218081	37312
chr17	7218105	37312
chr17	7218670	37311,37312
chr1	45987515	3326
chr17	7218791	37311,37312
chr17	7387234	37375
chr17	7387441	37374,37375
chr17	7387738	37374,37375
chr17	7387964	37374,37376
chr17	7486868	37425,37426
chr17	7487224	37425,37426,37427
chr17	7487438	37425,37427
chr17	8124765	-1
chr17	8125530	-1
chr1	45987542	3326
chr17	8126236	37562
chr17	10778826	-1
chr17	10778829	-1
chr17	10779512	-1
chr17	14204082	37715
chr17	14204429	37715
chr17	14204443	37715
chr17	15902847	37747,37748,37749,37750
chr17	15903060	37748,37749,37750
chr17	15903098	37748,37749,37750
chr1	45987752	3326
chr17	19281395	38034,38035
chr17	19281633	38034,38035
chr17	19281641	38034,38035
chr17	26697403	38181,38183
chr17	26697532	38181,38182,38183,38184
chr17	26697732	38181,38182,38183,38184
chr17	27332435	-1
chr17	27333058	38303
chr17	27333076	38303
chr17	27620107	38351
chr1	6221883	-1
chr1	46153053	3348,3349,3350,3352
chr17	27620306	38351
chr17	27621102	38351,38352
chr17	27717178	38353,38354
chr17	27717198	38353,38354
chr17	27717695	38353,38354,38355
chr17	36908140	38874
chr17	38296376	39082
chr17	38296633	39082
chr17	38296835	39082
chr17	40335355	-1
chr1	65775118	4072,4073,4074
chr17	40335864	-1
chr17	40336284	-1
chr17	40688077	39452,39453
chr17	40688600	39454,39455
chr17	40688846	39454,39455
chr17	40831119	39505
chr17	42385402	39744,39745,39747
chr17	42385956	39744,39745,39746,39747
chr17	42385985	39744,39745,39746,39747
chr17	43225267	39887,39889,39890
chr1	65775597	4072,4073
chr17	43225891	39887,39888,39889,39890,39891
chr17	44270751	40029,40030,40031
chr17	45726631	40130
chr17	45727298	40129,40130
chr17	45727327	40129,40130
chr17	46125201	40202,40203
chr17	46125414	40201,40202,40203
chr17	46126193	40201,40203
chr17	46985638	40296
chr17	46985849	40296
chr1	65775613	4072,4073
chr17	46986414	40297
chr17	48784734	-1
chr17	48784770	-1
chr17	48785275	40554
chr17	56065091	-1
chr17	57920591	-1
chr17	57921202	-1
chr17	58663840	-1
chr17	58663882	-1
chr17	58664131	-1
chr1	91172628	4459
chr17	58664181	-1
chr17	61904539	41229,41230,41231,41232,41234,41235
chr17	61904739	41230,41231,41232,41234,41235
chr17	61904937	41230,41231,41232,41233,41234,41235
chr17	62501717	41300,41301,41302
chr17	62502354	41300,41301,41302
chr17	62502366	41300,41301,41302
chr17	62503323	41302
chr17	73257580	41830,41831,41833,41834
chr17	73258012	41830,41831,41833,41834
chr1	91173075	4459
chr17	73258038	41830,41831,41833,41834
chr17	73873763	41975,41977
chr17	73874080	41977,41978
chr17	73874612	41977,41978,41979
chr17	73874621	41977,41978,41979
chr17	73975204	42001,42002
chr17	73975679	42001
chr17	73975739	42001
chr17	73975942	42001
chr17	74732633	42142,42144,42146,42148,42150
chr1	91173081	4459
chr17	74733359	42144,42147,42148,42150
chr17	74733412	42144,42147,42148,42150
chr17	74733991	42144,42147,42149,42150
chr17	77812351	-1
chr17	77812552	42447
chr17	77813197	42447,42448
chr17	79479254	-1
chr17	79479761	42682
chr17	79479786	42682
chr17	79818327	42744,42745,42746
chr1	155099717	6099,6100
chr17	79818807	42744,42745,42746
chr17	79819049	42744,42745,42746
chr17	80309428	-1
chr17	80309873	-1
chr17	80309880	-1
chr17	80345614	-1
chr17	80346192	-1
chr17	80346194	-1
chr18	5868433	-1
chr18	5868441	-1
chr1	155099832	6099,6100
chr18	5868831	-1
chr18	19180281	-1
chr18	19180858	43425
chr18	19180862	43425
chr18	55113764	-1
chr18	55114511	-1
chr18	55114514	-1
chr18	56807114	44022
chr18	56807155	44022
chr18	56807708	-1
chr1	155100364	6100,6101
chr18	56807722	-1
chr19	591664	-1
chr19	591680	-1
chr19	592163	-1
chr19	10120233	45599
chr19	10120242	45599
chr19	10120663	45599
chr19	10812103	45764
chr19	10812120	45764
chr19	10812826	-1
chr1	6222573	-1
chr1	155100400	6100,6101
chr19	10812829	-1
chr19	11199452	45826,45827
chr19	11200096	45826,45827
chr19	11200158	45826,45827
chr19	11592791	45915
chr19	11592799	45915
chr19	11593554	45915
chr19	11639462	-1
chr19	11639466	-1
chr19	11639664	-1
chr1	155278499	6166,6167,6168
chr19	11639937	45920
chr19	18344120	46624
chr19	18344123	46624
chr19	18344510	46624
chr19	18344524	46624
chr19	33883551	-1
chr19	33884511	-1
chr19	33884534	-1
chr19	38865135	47541,47542
chr19	38865444	47541,47542
chr1	155278530	6166,6167,6168
chr19	38865449	47541,47542
chr19	39340593	47604
chr19	41770271	47869
chr19	42817599	48041
chr19	42817936	-1
chr19	42817955	-1
chr19	46455994	-1
chr19	46456003	-1
chr19	46456617	-1
chr19	47940107	-1
chr1	155279341	6167,6168
chr19	47940970	48585
chr19	47940984	48585
chr19	49652809	48869,48870
chr19	49652835	48869,48870
chr19	49653507	48871
chr19	50380054	49018,49019,49020,49022,49023
chr19	50380367	49018,49019,49020,49022,49023
chr19	50380596	49019,49020,49021,49022,49023
chr19	51198589	49114
chr19	51198594	49114
chr1	161193388	6693,6694,6695
chr19	51198926	49114
chr19	51199211	49114
chr19	51869553	49167
chr19	52552139	49215
chr19	52552353	49215
chr19	52552607	49215,49216
chr19	55727959	49491
chr19	55728502	-1
chr19	55728511	-1
chr19	56092314	49565,49566
chr1	161193431	6693,6694,6695
chr19	56092324	49565,49566
chr19	56092897	49566
chr19	56092901	49566
chr19	58873459	49835
chr19	58873839	49835
chr19	58874012	49835,49836
chr2	3605817	50026,50027
chr2	3605875	50026,50027
chr2	3606017	50026,50027
chr2	17721084	50385,50387
chr1	161194224	6693,6694,6695,6696,6697,6698
chr2	21266026	50548
chr2	21266804	50548,50549
chr2	21266965	50548,50549
chr2	26256353	50746
chr2	26256972	50746
chr2	26257108	50746
chr2	26568494	50783,50784
chr2	26568588	50783,50784
chr2	26569262	50783
chr2	26914889	50802
chr1	167905257	6871,6872,6873
chr2	26915321	50802
chr2	26915577	50802
chr2	26915589	50802
chr2	27435215	50876,50877,50879,50881
chr2	28974288	51039
chr2	28974590	51038,51039
chr2	28975010	51038
chr2	29117553	51054,51055
chr2	29117561	51054,51055
chr2	29118255	51055
chr1	167905520	6871,6872,6873
chr2	32581693	51174,51175,51178
chr2	32581957	51175,51178
chr2	32582329	51175,51178
chr2	33141353	-1
chr2	33141361	-1
chr2	33141609	-1
chr2	38152528	51359
chr2	38152550	51359
chr2	38152733	-1
chr2	38603682	-1
chr1	167905728	6871,6873
chr2	38603956	-1
chr2	38604389	51378,51379
chr2	38977680	51396,51397,51400
chr2	38978301	51396,51397,51398,51400
chr2	38978506	51396,51397,51398,51399,51400
chr2	42369134	-1
chr2	42396544	51501
chr2	42396585	51501
chr2	42396825	-1
chr2	43019853	51549,51550
chr1	8938085	665
chr1	179923812	7182,7183
chr2	43019897	51549,51550
chr2	43020428	51549,51551
chr2	43454021	51574,51576
chr2	43454278	51574,51575,51576
chr2	43454437	51574,51575,51576
chr2	44223097	51630,51631
chr2	44223321	51631
chr2	44223584	51631
chr2	44588798	51664,51665,51666,51667
chr2	44589002	51665,51666,51667
chr1	179924022	7182,7183
chr2	44589103	51665,51666,51667
chr2	46524122	51713,51715
chr2	46524134	51713,51715
chr2	46524608	51713,51714,51715
chr2	47403607	51809,51810,51811
chr2	47403620	51809,51810,51811
chr2	47403873	51809,51810,51811
chr2	47404025	51809,51810,51811
chr2	54682984	51963,51964,51965
chr2	54683126	51963,51964,51965
chr1	179924332	7182
chr2	54683206	51963,51964,51965
chr2	54683480	51963,51964,51965
chr2	55459278	52040,52042
chr2	55459853	52040,52041,52042
chr2	55460053	52040,52041
chr2	61244650	52169,52170,52171,52173
chr2	62932401	52291,52292
chr2	62932860	52291,52292
chr2	62933376	52292
chr2	70313533	52625,52626,52628,52630
chr1	202776687	7730,7731,7733
chr2	70313737	52625,52626,52628,52630
chr2	70314128	52625,52626,52627,52628,52630
chr2	70369972	-1
chr2	71357321	52720,52721
chr2	71357344	52720,52721
chr2	71357826	52720,52721
chr2	71357841	52720,52721
chr2	71559090	52730,52731
chr2	71559289	52731
chr2	71559401	52731
chr1	202777498	7730,7732,7733,7734
chr2	71574817	52735
chr2	71574819	52735
chr2	71575627	52735
chr2	71575645	52735
chr2	73517520	-1
chr2	73517532	-1
chr2	73518400	-1
chr2	73518410	-1
chr2	73518792	-1
chr2	79738645	53103
chr1	202777525	7730,7732,7733,7734
chr2	79738648	53103
chr2	79739642	53103
chr2	85765805	53205
chr2	85765815	53205
chr2	85766333	53204,53205
chr2	85766359	53204,53205
chr2	85767274	53204,53206,53207,53208
chr2	86333393	53284,53285,53286
chr2	86333436	53284,53285,53286
chr2	86333595	53284,53285
chr1	205600322	8011
chr2	99952967	53752,53753
chr2	99953775	53752,53753
chr2	99953900	53752,53753
chr2	112703746	-1
chr2	112703768	-1
chr2	112704269	-1
chr2	112704281	-1
chr2	113883936	54253
chr2	113883948	54253
chr2	113884592	54253
chr1	205600523	8011
chr2	113884791	54253
chr2	135675828	54832,54834
chr2	135676451	54833,54834
chr2	135676657	54833
chr2	136742784	54913
chr2	136743007	54913,54914
chr2	136743284	54914
chr2	139259202	54932,54933
chr2	139259220	54932,54933
chr2	139259816	54932,54934
chr1	205601300	8012
chr2	149401705	55046
chr2	149401710	55046
chr2	149402305	55046
chr2	149402354	55046
chr2	149402928	-1
chr2	171571256	55721,55722
chr2	171571311	55721,55722
chr2	171571912	55721,55722,55724
chr2	174219400	55891
chr2	174219629	55891
chr1	211751733	8222
chr2	174220028	-1
chr2	178076908	56039,56040
chr2	178076937	56039,56040
chr2	178077138	56039,56040
chr2	178077976	56040
chr2	178078038	56040
chr2	178977128	56095
chr2	178977138	56095
chr2	178977682	-1
chr2	183989051	56343
chr1	8938674	665,666
chr1	234743937	8947,8948,8949,8951
chr2	183989254	56343
chr2	183989618	-1
chr2	191885058	56583
chr2	191885088	56583
chr2	191885289	56583
chr2	191886021	56583
chr2	198364529	56715,56716,56717,56718,56719
chr2	198364536	56715,56716,56717,56718,56719
chr2	198365186	56715,56716,56717,56718,56719
chr2	198365315	56715,56716,56718,56719
chr1	234746508	8952,8953
chr2	201728966	56849
chr2	201729169	56849
chr2	201729175	56849
chr2	204103596	57042,57043
chr2	204103754	57043
chr2	204103800	57043,57044
chr2	207506890	-1
chr2	207507562	-1
chr2	207507567	-1
chr2	208634582	57213,57214
chr1	234746725	8952,8953,8954
chr2	208634924	57214
chr2	208634934	57214
chr2	217236260	57477,57478
chr2	217237068	57478,57479
chr2	217237073	57478,57479
chr2	219264566	57614,57615,57616,57617
chr2	219265078	57614,57616,57617,57618
chr2	219265414	57614,57616,57617,57618
chr2	219265591	57614,57616,57617,57618
chr2	219433593	57636,57637
chr1	234747051	8952,8953,8954
chr2	219433600	57636,57637
chr2	219433903	57636
chr2	219827756	-1
chr2	219827770	-1
chr2	219828675	-1
chr2	220083273	57730
chr2	220083275	57730
chr2	220083636	57730,57731
chr2	220408780	57840,57841
chr2	220408785	57840,57841
chr1	245027454	9190,9191
chr2	220409530	57840
chr2	220436222	57853,57854,57855,57856
chr2	230579878	58101
chr2	231852079	-1
chr2	231852540	-1
chr2	231852542	-1
chr2	232328987	58250,58251,58252
chr2	232329117	58250,58251,58252,58253
chr2	232329543	58250,58251,58252,58253
chr2	232571994	58262,58263
chr10	32635426	-1
chr2	232572197	58262,58263
chr2	232572490	58262,58263,58265
chr2	232573254	58262,58263,58265,58267
chr2	232573454	58262,58265,58267
chr2	232644961	58275
chr2	232644971	58275
chr2	232645894	58274,58275
chr2	241499770	58711,58712
chr2	241499781	58711,58712
chr2	241500434	58713
chr10	32635627	-1
chr2	242255026	58856,58858,58859
chr2	242255674	58856,58858
chr2	242255877	58856,58858
chr2	242576913	58908,58910
chr20	1986653	-1
chr20	1986662	-1
chr20	1987514	-1
chr20	1987580	-1
chr20	3026246	59229,59230
chr20	3026470	59229,59230
chr10	32636043	10149
chr20	3026742	59229,59230
chr20	3767590	59325,59326,59327
chr20	3767613	59325,59326,59327
chr20	3768450	59326
chr20	3768453	59326
chr20	9641063	-1
chr20	9641073	-1
chr20	9641518	-1
chr20	10199501	59612,59613
chr20	10200285	59614
chr10	32636223	10149
chr20	10200307	59614
chr20	10414871	59639,59641
chr20	17207423	59750,59751
chr20	17208404	59750
chr20	17662833	59780,59782
chr20	17662843	59780,59782
chr20	17663367	59780,59782
chr20	17949350	59793,59794,59795,59796,59797,59798
chr20	17949359	59793,59794,59795,59796,59797,59798
chr20	17949558	59793,59794,59795,59796,59797,59798
chr10	47056958	-1
chr20	17950108	59793,59794,59796,59797,59798
chr20	19596956	-1
chr20	19597459	-1
chr20	19597471	-1
chr20	19598119	-1
chr20	22410913	-1
chr20	25604305	60136
chr20	25604549	60135,60136
chr20	25605111	60135,60137
chr20	26189052	60158
chr1	8938724	665,666
chr10	47057757	-1
chr20	26189601	60158
chr20	26189930	60158
chr20	26190060	60158,60159
chr20	26190439	60158,60159
chr20	29611653	60160
chr20	29611914	60160
chr20	29612292	-1
chr20	30192232	60192,60193
chr20	30192905	60193
chr20	30193113	60193
chr10	47057958	-1
chr20	30193270	60193
chr20	30194863	60194
chr20	30195107	60194
chr20	30195308	60194
chr20	30311072	60201,60202
chr20	30311160	60201,60202,60203
chr20	30311275	60201,60202,60203
chr20	32580923	60413,60415
chr20	32581740	60413,60414,60415
chr20	32581787	60413,60414,60415
chr10	47058507	-1
chr20	32582330	60413,60414
chr20	34204144	60607,60608
chr20	34330126	60640
chr20	34541812	60653,60654,60656,60657
chr20	34542391	60653,60655,60656,60657
chr20	34542522	60653,60655,60656,60657
chr20	35233980	60716
chr20	35234180	60716
chr20	35234236	60716
chr20	36529865	60838
chr10	52384727	10467,10468,10470,10471
chr20	36529894	60838
chr20	36530254	60838
chr20	36530369	60838
chr20	36530694	60838
chr20	37554768	60940,60941
chr20	37555063	60940,60941
chr20	37555134	60940,60941
chr20	42085992	61044,61045,61046
chr20	42086571	61044,61045,61046
chr20	42086584	61044,61045,61046
chr10	52385047	10468,10471
chr20	42086797	61045,61046
chr20	42838836	61092
chr20	42838850	61092
chr20	42839322	61091,61092
chr20	42876112	61095
chr20	42876976	-1
chr20	42876978	-1
chr20	44509912	61286
chr20	44510087	-1
chr20	44510115	-1
chr10	52385091	10468,10471
chr20	44656089	61335
chr20	44656092	61335
chr20	44657051	61335
chr20	44669079	-1
chr20	44669711	-1
chr20	44669718	-1
chr20	44670047	-1
chr20	48099358	61611,61612
chr20	48099430	61611,61612
chr20	48099951	61611,61612
chr10	60936425	10521,10522,10524
chr20	48100426	61611,61612,61613
chr20	48100866	61612,61613,61614
chr20	48100878	61612,61613,61614
chr20	48807404	61669,61673
chr20	48807416	61669,61673
chr20	48808286	61670,61671,61672,61673
chr20	49575020	61711,61712
chr20	49575043	61711,61712
chr20	49575372	61711,61712
chr20	49575641	61711
chr10	60936967	10521,10523,10524
chr20	56662506	-1
chr20	56663388	-1
chr20	56663392	-1
chr20	60640854	62065,62066
chr20	60641086	62065,62066
chr20	60641121	62065,62066
chr20	60757929	62085,62086
chr20	60757981	62085,62086
chr20	60758293	62085,62086
chr20	60794915	62093,62094
chr10	60937265	10521,10523,10524
chr20	60795465	62093,62094,62095
chr20	60795488	62093,62094,62095
chr20	60877605	62109,62110,62111
chr20	60877793	62109,62110,62111,62112
chr20	60878024	62109,62110,62111,62112
chr20	61713822	-1
chr20	61713825	-1
chr20	61714540	-1
chr20	62284064	-1
chr20	62284678	62361
chr10	60937295	10521,10523,10524
chr20	62284682	62361
chr20	62285173	62361
chr20	62495708	62417,62419
chr20	62496320	62417,62418,62419
chr20	62496633	62417,62418,62419
chr20	62958940	-1
chr20	62959081	-1
chr20	62959155	-1
chr22	29976344	-1
chr22	29976403	-1
chr1	11113415	-1
chr10	72083595	10829
chr22	29977034	64497
chr22	39239992	65256,65258
chr22	39916565	65328,65329,65330,65331
chr22	39916625	65328,65329,65330,65331
chr22	39917063	65328,65330,65331
chr22	43803308	-1
chr22	43803313	-1
chr22	43804207	-1
chr22	50709358	66065
chr22	50709376	66065
chr10	72084332	10829
chr22	50710296	66065
chr22	50946071	66118,66119,66120,66121
chr22	50946674	66119,66120,66121
chr22	50946739	66119,66120,66121
chr22	50969587	66127,66128
chr22	51038702	66142,66143
chr22	51038715	66142,66143
chr22	51039697	66142,66144
chr3	5020333	66203,66204,66205
chr3	5021200	66203,66205
chr10	72084366	10829
chr3	5021209	66203,66205
chr3	5022173	66203,66206,66207
chr3	33482016	67010
chr3	49591854	67912,67913
chr3	49592178	67912
chr3	49592187	67912
chr3	51740215	68150,68151
chr3	51740892	68150,68151
chr3	51740896	68150,68151
chr3	100119924	69043,69044,69045,69046
chr10	74033051	10937,10938,10939
chr3	100120141	69043,69044,69045,69046
chr3	100120446	69043,69045,69046
chr3	119182461	69340
chr3	119182505	69340
chr3	119182685	69340
chr3	120627065	69412,69413,69414
chr3	120627071	69412,69413,69414
chr3	120627538	69413,69414
chr3	122102039	69453,69454,69455
chr3	122102993	69453,69454,69455
chr10	74033697	10937,10938,10939
chr3	122103034	69453,69454,69455
chr3	149688583	70480,70481,70482
chr3	156877335	70642
chr3	156877942	70643
chr3	156878063	70643
chr3	171527689	70858,70860
chr3	171527728	70858,70860
chr3	171528412	70858,70859,70860
chr3	183966654	71133,71134,71136
chr3	183966707	71133,71134,71136
chr10	74033714	10937,10938,10939
chr3	183967343	71133,71135,71136
chr3	185655238	71253,71254
chr3	185655244	71253,71254
chr3	185655748	71253,71254,71255
chr3	187387618	-1
chr3	187387632	-1
chr3	187388050	-1
chr3	195808000	-1
chr3	195808006	-1
chr3	195808852	71560,71561
chr10	75545254	11058,11059
chr3	195808965	71560,71561
chr3	196669384	71616,71617,71618,71619
chr3	196669430	71616,71617,71618,71619
chr3	196669597	71616,71617,71618,71619
chr4	819487	71792,71793
chr4	819493	71792,71793
chr4	819903	71792,71793,71794
chr4	2010661	71957
chr4	2010796	71957
chr4	2011000	71957
chr10	75545953	-1
chr4	2011356	71957,71958
chr4	57774491	72966
chr4	57774500	72966
chr4	57774901	72966,72967
chr4	57774908	72966,72967
chr4	57775456	72967,72968
chr4	83812323	73387
chr4	83812349	73387
chr4	83812562	73387
chr4	186317178	74634,74635,74636,74637
chr10	75545956	-1
chr4	186317188	74634,74635,74636,74637
chr4	186317656	74634,74636,74637
chr4	186317863	74634,74636,74637
chr5	71015120	75924
chr5	71015530	-1
chr5	71015547	-1
chr5	92947797	-1
chr5	92948411	-1
chr5	92948435	-1
chr5	98264488	76531,76532
chr10	102105461	12042,12043
chr5	98264678	76531,76532
chr5	98265032	76531
chr5	130500292	76886
chr5	130500935	76886,76887
chr5	130501000	76886,76887
chr5	131347440	76914
chr5	131348409	76914
chr5	131348414	76914
chr5	131629852	76925
chr5	137673246	77301,77302
