chr1	954654	37,38
chr1	955067	37,38,39
chr1	2158860	288
chr1	32403240	2331
chr16	53165635	34326
chr16	57333890	-1
chr16	57334564	-1
chr16	57334640	-1
chr16	57701478	34641
chr16	57701495	34641
chr16	57702405	-1
chr16	57769334	34646,34647
chr16	57769552	34646,34647
chr16	57769575	34646,34647
chr1	32404073	2332
chr16	66467791	-1
chr16	66467829	-1
chr16	66468754	-1
chr16	66585472	34819,34821
chr16	66586371	34820,34821
chr16	66586379	34820,34821
chr16	67193978	34905,34906,34907,34908
chr16	67194957	34905,34907,34908
chr16	67194960	34905,34907,34908
chr16	67462825	34963,34964
chr1	32404172	2332
chr16	67463510	34963,34964,34966
chr16	67596220	34997,34998
chr16	67596239	34997,34998
chr16	67596644	34997,34998
chr16	67597196	34997,34999
chr16	67693824	35010,35012
chr16	67694241	35009,35010,35012,35013
chr16	67694781	35009,35011,35012,35013
chr16	67694801	35009,35011,35012,35013
chr16	67876579	35038
chr1	33116739	2420,2421,2422,2423
chr16	68001714	-1
chr16	68120513	35098,35099
chr16	68121106	35098
chr16	68121118	35098
chr16	68269961	35111,35112,35113,35114,35115
chr16	68270381	35112,35113,35115,35116
chr16	68270854	35112,35113,35115,35116
chr16	68271600	35113,35115,35116
chr16	68271614	35113,35115,35116
chr16	69165940	35190,35191,35193,35194
chr1	33116755	2420,2421,2422,2423
chr16	70716867	35382
chr16	70717370	35382
chr16	70780154	-1
chr16	70780647	-1
chr16	70780659	-1
chr16	70834524	-1
chr16	70834968	35399
chr16	70834972	35399
chr16	71842145	-1
chr16	71842939	35471
chr1	33117327	2420,2421,2423
chr16	71843009	35471
chr16	75278740	35665
chr16	75279239	-1
chr16	75279335	-1
chr16	75338784	-1
chr16	75339442	35674
chr16	75339448	35674
chr16	75589233	-1
chr16	75589252	-1
chr16	75590177	35694,35695
chr1	33429591	2478,2479
chr16	75590198	35694,35695
chr16	75797326	-1
chr16	75797346	-1
chr16	75798211	-1
chr16	79931018	-1
chr16	79931597	-1
chr16	79931637	-1
chr16	84538315	35995
chr16	84538324	35995
chr16	84538765	35995
chr1	35657907	2567,2568,2569,2570
chr16	85200734	-1
chr16	85201262	36066
chr16	85201271	36066
chr16	85557987	-1
chr16	85833259	36109,36110,36112
chr16	87521335	-1
chr16	87521965	-1
chr16	87521979	-1
chr16	87573834	-1
chr16	87574414	-1
chr1	35658846	2568,2569,2571
chr16	87574427	-1
chr16	87883768	-1
chr16	87883780	-1
chr16	87884225	36218
chr16	87981932	36227
chr16	87982682	36227,36228
chr16	87982700	36227,36228
chr16	88717024	-1
chr16	88717362	36272
chr16	88717998	36272
chr1	35658867	2568,2569,2571
chr16	88729085	36277
chr16	88729640	36276,36277
chr16	88729656	36276,36277
chr16	88772837	36285,36286,36287
chr16	88772857	36285,36286,36287
chr16	88773584	36285,36287
chr16	88923483	36316,36317
chr16	89283088	36365
chr16	89283964	36364,36365
chr16	89283974	36364,36365
chr1	2159311	288
chr1	36235007	-1
chr16	89611713	36403
chr16	89611717	36403
chr16	89612419	-1
chr16	89631120	-1
chr16	89631621	-1
chr16	89632007	-1
chr16	89904295	-1
chr16	89939713	36475,36477
chr16	89940144	36476,36477
chr16	89940702	36476
chr1	36235655	2627
chr16	89988232	36493,36495
chr16	89988992	36494,36495
chr17	618148	36563
chr17	618164	36563
chr17	618936	36563
chr17	1359633	36632
chr17	1613668	36703
chr17	1613936	36703
chr17	1614413	36703
chr17	1666005	36731
chr1	36235674	2627
chr17	1666692	-1
chr17	1666721	-1
chr17	1933417	36756
chr17	1933434	36756
chr17	1934029	-1
chr17	2304457	36827
chr17	2304976	36827
chr17	2304996	36827
chr17	4870685	37074,37075,37077
chr17	4870731	37074,37075,37077
chr1	38273430	2762,2763,2765
chr17	4871594	37074,37076,37077
chr17	4872318	37074,37076,37078
chr17	4873093	37076,37078,37079
chr17	7017857	37252
chr17	7017983	37252
chr17	7018420	37252,37253
chr17	7386739	37375
chr17	7387695	37374,37375
chr17	7387710	37374,37375
chr17	7476080	37412,37413,37414,37415,37416
chr1	38273836	2762,2764,2765
chr17	7476099	37412,37413,37414,37415,37416
chr17	7477045	37414,37415,37416,37417
chr17	7745743	37481
chr17	7746457	37481
chr17	7747092	37481
chr17	7747561	37481
chr17	7748214	-1
chr17	7748222	-1
chr17	8339216	37594,37595
chr17	8339236	37594,37595
chr1	38274219	2762,2764
chr17	8339714	37595
chr17	16120515	37792,37793
chr17	16284031	37799,37800,37801
chr17	16284037	37799,37800,37801
chr17	16284237	37799,37800,37801
chr17	17108823	-1
chr17	17109189	-1
chr17	17109768	37847
chr17	17875812	37924,37925
chr17	17876177	37924,37925
chr1	39874213	2828,2829
chr17	17876237	37924,37925
chr17	18086688	37940,37941,37944
chr17	18086728	37940,37941,37944
chr17	18086928	37940,37941,37944
chr17	18128103	37952
chr17	18161999	37968,37969,37970,37971
chr17	18266087	-1
chr17	18266884	37991
chr17	18266903	37991
chr17	18885183	-1
chr1	39874886	2828,2829,2830
chr17	19240632	38030
chr17	21219320	-1
chr17	21314023	38125
chr17	21314490	38125
chr17	21314892	38125
chr17	21316426	-1
chr17	21316431	-1
chr17	21317135	38126,38127
chr17	26662505	38167,38168
chr17	26662518	38167,38168
chr1	44440033	3204
chr17	26663452	38167
chr17	26898087	38204,38205
chr17	26898585	38204,38205,38206
chr17	26898643	38204,38205,38206
chr17	27053000	-1
chr17	27894956	38370,38371,38373,38374,38376,38377
chr17	27895482	38370,38371,38373,38375,38376,38377
chr17	27895954	38371,38373,38375,38377,38378
chr17	28705316	38433,38434
chr17	28705877	38433,38434
chr1	44440515	3204
chr17	28705894	38433,38434
chr17	36507609	38804,38805
chr17	36507628	38804,38805
chr17	36508504	38805
chr17	36571760	-1
chr17	36908900	38874
chr17	36908923	38874
chr17	36909446	-1
chr17	36955478	38880,38881
chr17	36956340	38880,38882
chr1	2159345	288
chr1	44440604	3204
chr17	36956369	38880,38882
chr17	37558358	38938,38939
chr17	37558370	38938,38939
chr17	37558909	38938,38939,38941
chr17	37558919	38938,38939,38941
chr17	37894363	39003,39004,39005,39006
chr17	38136766	39032
chr17	38136783	39032
chr17	38137551	39033
chr17	38296434	39082
chr1	46152282	3348,3350,3352
chr17	38296785	39082
chr17	38296803	39082
chr17	39968869	39295,39296,39298,39299
chr17	40075758	39329
chr17	40118819	39332,39333,39334
chr17	40463729	-1
chr17	40464410	-1
chr17	40464519	-1
chr17	40688216	39453
chr17	40688227	39453
chr1	46152903	3348,3349,3350,3352
chr17	40688901	39454,39455
chr17	40719047	39473,39474
chr17	40829223	39502,39504
chr17	40829226	39502,39504
chr17	40830158	39504,39505
chr17	40830170	39504,39505
chr17	41132003	39565,39566,39568,39569
chr17	41132564	39565,39566,39567,39568,39569
chr17	41132726	39565,39566,39567,39568,39569
chr17	41277567	39594,39595,39596
chr1	46152923	3348,3349,3350,3352
chr17	41277582	39594,39595,39596
chr17	41278170	39595
chr17	41322463	39600
chr17	41322512	39600
chr17	41323120	39600,39601
chr17	41323129	39600,39601
chr17	41462945	-1
chr17	41622143	39626,39627,39629
chr17	41623137	39628
chr17	41636556	-1
chr1	46153864	3348,3349,3351,3352
chr17	41636583	-1
chr17	41637016	-1
chr17	42185744	-1
chr17	42188659	39691,39692
chr17	42188728	39691,39692
chr17	42189252	39691
chr17	43389173	-1
chr17	43389584	-1
chr17	43390168	-1
chr17	45727154	40129,40130
chr1	46649027	-1
chr17	45727176	40129,40130
chr17	45728029	40129,40131
chr17	45728046	40129,40131
chr17	46048269	40192,40193
chr17	46048307	40192,40193
chr17	46048797	40193
chr17	46102465	-1
chr17	46102478	-1
chr17	46103290	-1
chr17	46985236	40296
chr1	46649425	-1
chr17	46985244	40296
chr17	46985699	40296
chr17	47865951	40378,40379,40380
chr17	47866554	40378,40380
chr17	47866580	40378,40380
chr17	47929067	-1
chr17	48943933	40579,40580,40581
chr17	48944898	40579
chr17	48944904	40579
chr17	49197846	40606
chr1	46649456	-1
chr17	49198430	40606,40607
chr17	49198448	40606,40607
chr17	49199241	40606,40607
chr17	49230851	40608,40609
chr17	49230926	40608,40609
chr17	49231744	40610
chr17	53381868	-1
chr17	53382316	-1
chr17	53382818	-1
chr17	53383574	-1
chr1	46712843	3399,3400
chr17	53383595	-1
chr17	53498588	40683
chr17	53499405	40684
chr17	53499415	40684
chr17	55162334	40719,40720,40721
chr17	55162427	40719,40720,40721
chr17	55163141	40719,40721
chr17	55940391	40763,40764
chr17	57408970	40903
chr17	57408979	40903
chr1	46713355	3399,3400
chr17	57409763	-1
chr17	57642971	40908
chr17	57642990	40908
chr17	57643519	-1
chr17	60749177	-1
chr17	60749183	-1
chr17	60749879	-1
chr17	61850230	41206,41207
chr17	61851091	41205,41206,41207
chr17	61851143	41205,41206,41207
chr1	2517831	343
chr1	46713373	3399,3400
chr17	62502365	41300,41301,41302
chr17	63198414	-1
chr17	63198433	-1
chr17	63198972	-1
chr17	63556850	41358,41359
chr17	63557254	41358,41359,41360
chr17	63557671	41359,41360
chr17	63558003	41359,41360
chr17	65989983	41477,41478
chr17	65990753	41477,41478
chr1	47069408	-1
chr17	65991308	41478
chr17	66031814	41479,41480,41481
chr17	66031835	41479,41480,41481
chr17	66032375	41480,41481
chr17	66453950	41517
chr17	66453968	41517
chr17	66454711	41517
chr17	66508512	41519,41521
chr17	66508528	41519,41521
chr17	66509125	41520,41521,41522
chr1	47070044	3435
chr17	70116348	41606
chr17	70117093	41605,41606,41608
chr17	70117095	41605,41606,41608
chr17	70122780	-1
chr17	70122793	-1
chr17	70123345	-1
chr17	71087950	-1
chr17	72838424	-1
chr17	72838443	-1
chr17	72838921	-1
chr1	47070079	3435
chr17	73031289	-1
chr17	73031399	-1
chr17	73031972	-1
chr17	73868651	-1
chr17	73869034	-1
chr17	73869187	-1
chr17	73873866	41975,41977
chr17	73874159	41977,41978
chr17	73874593	41977,41978,41979
chr17	73874995	41978,41979
chr1	47799885	3476,3478
chr17	74261156	42053,42054
chr17	74261182	42053,42054
chr17	74262099	42054
chr17	74262111	42054
chr17	75136164	42171,42172
chr17	75136719	42171,42172
chr17	75136757	42171,42172
chr17	75282056	42194
chr17	75282891	42193,42194,42195
chr17	75282903	42193,42194,42195
chr1	47903064	3491,3493
chr17	76237123	-1
chr17	76237754	-1
chr17	76237765	-1
chr17	77070957	42401
chr17	77070965	42401
chr17	77071815	-1
chr17	77961396	-1
chr17	78009865	42468,42469,42470
chr17	78010416	42468,42470
chr17	78010447	42468,42470
chr1	52343801	3581
chr17	79018174	-1
chr17	79269143	42656
chr17	79269159	42656,42657
chr17	79269583	42656,42657
chr17	79603479	42710
chr17	79603486	42710
chr17	79604155	42709,42710
chr17	79678476	42730
chr17	79679034	42730,42731
chr17	79679467	42730,42731
chr1	52344503	3581,3582
chr17	79828534	42749,42750
chr17	79829313	42750,42751
chr17	79829327	42750,42751
chr17	79884845	42782
chr17	79958815	42808
chr17	80174918	-1
chr17	80175255	-1
chr17	80175777	-1
chr17	80198946	42888
chr17	80376016	42921,42923
chr1	52344547	3581,3582
chr17	80376389	42921,42922,42923
chr17	80376489	42921,42922,42923
chr18	3246600	43118,43120,43121
chr18	3247267	43118,43119,43120,43121
chr18	3448910	43128,43130
chr18	5295363	43160,43161
chr18	5296176	43160,43162
chr18	5296206	43160,43162
chr18	10525899	43291
chr18	10526517	-1
chr1	54303185	-1
chr18	12947569	43367,43368,43369
chr18	13138153	-1
chr18	13138202	-1
chr18	13138950	-1
chr18	13417991	-1
chr18	13418645	-1
chr18	13418666	-1
chr18	29672501	43607,43608
chr18	34408836	43736,43737
chr18	46519272	-1
chr1	2615477	-1
chr1	54304029	3725
chr18	46519618	-1
chr18	46520105	-1
chr19	507303	44322
chr19	507350	44322
chr19	507923	44323
chr19	661007	-1
chr19	661062	-1
chr19	661596	44361,44363
chr19	815021	44404,44405,44407
chr19	1248087	44509,44511
chr1	54304040	3725
chr19	1248617	44509,44511
chr19	1249022	44511
chr19	1249922	44510,44511,44513
chr19	1266000	44522,44523
chr19	1266625	44522,44523
chr19	1592245	44619
chr19	1592305	44619
chr19	1592939	44619,44620
chr19	2274398	-1
chr19	2426984	-1
chr1	59247620	3891,3892
chr19	2427884	44768,44769
chr19	2427887	44768,44769
chr19	2579198	44786
chr19	2867265	44828
chr19	2867285	44828
chr19	2867812	-1
chr19	3035700	-1
chr19	3035713	-1
chr19	3036391	-1
chr19	4584236	-1
chr1	59249687	3892,3893,3894,3895,3896,3897
chr19	5909253	-1
chr19	5910124	45207
chr19	5910129	45207
chr19	5954883	-1
chr19	8274255	45476,45477
chr19	9945466	45585,45586
chr19	9945482	45585,45586
chr19	9945944	45585,45586
chr19	11546040	45897,45898,45899,45900
chr19	12251155	45969
chr1	59249792	3893,3894,3895,3896,3897
chr19	12251160	45969
chr19	12252107	45969
chr19	12946469	46053,46055,46056
chr19	12947235	46055,46056
chr19	12947260	46055,46056
chr19	13261973	46118,46120,46121,46122
chr19	13957467	-1
chr19	13958156	-1
chr19	13958160	-1
chr19	14117113	46168
chr1	59250531	3894,3895,3897
chr19	14117120	46168
chr19	14117700	46168
chr19	14228651	46188
chr19	14228675	46188
chr19	14229578	46188
chr19	14247548	46189,46190
chr19	14248026	46189,46190
chr19	14248033	46189,46190
chr19	17358109	46478
chr19	17666338	46526
chr1	61542759	3916
chr19	17666345	46526
chr19	17666788	-1
chr19	17667201	-1
chr19	18214553	-1
chr19	18215361	-1
chr19	18215365	-1
chr19	18263446	46601
chr19	18263450	46601
chr19	18264002	46601
chr19	24216299	46973
chr1	61542773	3916
chr19	24216327	46973
chr19	24217041	-1
chr19	36235910	47322,47324
chr19	36235928	47322,47324
chr19	36236326	47322,47323,47324
chr19	38146383	47496,47498
chr19	38146845	47496,47497,47498
chr19	38146926	47496,47497,47498
chr19	40854464	47768,47769
chr19	40854483	47768,47769
chr1	61543555	-1
chr19	40855115	47768
chr19	42772420	48024,48025
chr19	42772426	48024,48025
chr19	42773116	48025
chr19	43032640	48060,48061
chr19	44099433	48092
chr19	44100282	48090,48091,48092
chr19	44100311	48090,48091,48092
chr19	46195843	48351,48352
chr19	46195869	48351,48352
chr1	61543579	-1
chr19	46196731	48351
chr19	47164579	48468,48469
chr19	47164673	48468,48469
chr19	47165413	48468
chr19	47730265	48551
chr19	47730766	48551
chr19	47731213	48551
chr19	49310527	48770,48771
chr19	49310539	48770,48771
chr19	49311336	48770,48772
chr1	2615887	-1
chr1	62902123	3967
chr19	49311349	48770,48772
chr19	49375604	48782,48783
chr19	49375624	48782,48783
chr19	49376401	48783,48784
chr19	50143695	48944,48945,48946
chr19	50143712	48944,48945,48946
chr19	50144076	48944,48946
chr19	50179691	48963
chr19	50180111	48963
chr19	50180131	48963
chr1	62902152	3967
chr19	50380864	49019,49020,49021,49022,49023
chr19	50703467	-1
chr19	50703475	-1
chr19	50704432	-1
chr19	52772733	49241
chr19	52772742	49241
chr19	52773204	-1
chr19	54704655	49394,49395,49396
chr19	54704672	49394,49395,49396
chr19	54705455	49394
chr1	62903120	-1
chr19	54931448	49402
chr19	54931873	49402
chr19	54932321	49402
chr19	54959628	49406,49407
chr19	54960328	49406,49407
chr19	54960374	49406,49407
chr19	55839787	-1
chr19	55840472	-1
chr19	55840479	-1
chr19	55851147	49515,49516
chr1	68150042	4124
chr19	55851163	49515,49516
chr19	55851617	49516
chr19	56825995	49632
chr19	56826022	49631,49632
chr19	56826644	49631,49632
chr2	260361	49910
chr2	260978	49911
chr2	260987	49911
chr2	264840	49914,49915,49916
chr2	264864	49914,49915,49916
chr1	68150841	4124,4126
chr2	265342	49914,49915
chr2	3384126	-1
chr2	3384133	-1
chr2	3384785	-1
chr2	8818304	50092
chr2	8818995	50091,50092
chr2	8819005	50091,50092
chr2	8819568	50091
chr2	8820400	50091,50094
chr2	8821351	50094
chr1	68150850	4124,4126
chr2	8822196	50093,50094
chr2	8822229	50093,50094
chr2	8825743	-1
chr2	10091216	50169
chr2	10091766	50168,50169
chr2	10091795	50168,50169
chr2	10092374	50168
chr2	10442101	50194,50195
chr2	10442728	50194,50195
chr2	10574273	-1
chr1	87170212	4359,4360
chr2	10575172	-1
chr2	10575192	-1
chr2	10590251	50214
chr2	11723512	-1
chr2	11723524	-1
chr2	11724436	-1
chr2	11724504	-1
chr2	15700778	-1
chr2	15701337	50348
chr2	15701422	50348
chr1	87170853	4359,4361
chr2	20646752	50491,50492,50493
chr2	20646766	50491,50492,50493
chr2	20647435	50491,50493
chr2	20738013	-1
chr2	20738570	-1
chr2	20850385	-1
chr2	20850912	50500
chr2	20850939	50500
chr2	21266026	50548
chr2	21266047	50548
chr1	87171171	4359,4361
chr2	21266952	50548,50549
chr2	21266965	50548,50549
chr2	21267607	50549
chr2	24238760	50592
chr2	24239399	50592
chr2	24239506	50592
chr2	24245312	-1
chr2	24270320	50598
chr2	24270334	50598
chr2	24270815	50598,50600
chr1	87794098	4382
chr2	25264242	50679
chr2	25264942	50679,50680
chr2	25264944	50679,50680
chr2	26987600	50807
chr2	27593305	50920,50921,50922,50923
chr2	27593321	50920,50921,50922,50923
chr2	27594048	50921,50922,50924
chr2	27960893	-1
chr2	28613165	51017,51018,51019
chr2	36582262	51245,51247
chr1	2616315	-1
chr1	87794120	4382
chr2	36582607	51245,51246,51247
chr2	36582949	51245,51246,51247
chr2	38829345	51389
chr2	38830130	51387,51388,51389
chr2	38830151	51387,51388,51389
chr2	42721460	51531,51532,51533,51534
chr2	43037792	51553,51555
chr2	43037877	51553
chr2	43038396	51553,51556
chr2	43038862	51553,51556
chr1	87794551	-1
chr2	43421308	-1
chr2	43421899	-1
chr2	43421989	-1
chr2	43453034	51573,51576
chr2	43453891	51574,51576
chr2	43453913	51574,51576
chr2	43823290	51590,51591
chr2	43823309	51590,51591
chr2	43824113	51590,51591
chr2	46524273	51713,51715
chr1	87795097	4383
chr2	46524757	51713,51714,51715,51717
chr2	46525222	51714,51715,51717
chr2	46925159	51760,51761
chr2	46926034	51760,51761
chr2	46926054	51760,51761
chr2	46927013	51762
chr2	47304893	-1
chr2	47305815	-1
chr2	47306236	-1
chr2	48010189	51838
chr1	90286573	4436,4438
chr2	48010310	51838
chr2	48010794	-1
chr2	48134066	51860,51861,51862
chr2	54197515	51951
chr2	55746084	52070
chr2	55746691	52069,52070
chr2	55746698	52069,52070
chr2	61292945	52176,52177,52178
chr2	61292985	52176,52177,52178
chr2	61293568	52176
chr1	90286593	4436,4438
chr2	61403553	52186,52187
chr2	61404204	52185,52186,52187,52188
chr2	61404225	52185,52186,52187,52188
chr2	61405081	52185,52187,52188,52189
chr2	64681399	52379,52380,52381,52382
chr2	65216566	52417,52418
chr2	65216660	52417,52418
chr2	65217386	52418
chr2	65662370	52470,52471
chr2	65662986	52470,52471
chr1	90287123	4437,4438
chr2	65663005	52470,52471
chr2	65663790	52471
chr2	70056709	52600
chr2	70056740	52600
chr2	70057318	-1
chr2	70313948	52625,52626,52627,52628,52630
chr2	70314037	52625,52626,52627,52628,52630
chr2	70314852	52625,52626,52627,52629,52630,52632
chr2	70369843	-1
chr2	70369858	-1
chr1	92294171	-1
chr2	70370713	-1
chr2	70780878	52672
chr2	70781352	52672
chr2	70781375	52672
chr2	71173850	-1
chr2	71558912	52730,52731
chr2	71558926	52730,52731
chr2	71559501	52731
chr2	73318445	52813
chr2	73318468	52813
chr1	94702539	-1
chr2	73319079	-1
chr2	73440613	52817
chr2	73441290	52817
chr2	73441374	52817
chr2	73441892	-1
chr2	74374596	52911
chr2	74375017	52910,52911,52912
chr2	74375058	52910,52911,52912
chr2	74375464	52910,52912
chr2	74425530	52923,52924
chr1	95391419	4630,4631,4633,4634
chr2	74425533	52923,52924
chr2	74426238	52923,52925
chr2	74651822	-1
chr2	74730175	52993,52995,52996
chr2	85152096	-1
chr2	85153081	-1
chr2	85829021	53230,53232
chr2	85829429	53230,53232
chr2	85829876	53231,53232
chr2	89887900	-1
chr1	95391459	4630,4631,4633,4634
chr2	89888729	-1
chr2	89888736	-1
chr2	91760698	-1
chr2	91761220	-1
chr2	91761877	-1
chr2	91762701	-1
chr2	91776787	-1
chr2	91777688	-1
chr2	91778080	-1
chr2	91778528	-1
chr1	3166623	-1
chr1	95391894	4630,4631,4633,4634
chr2	91844860	-1
chr2	91845351	-1
chr2	91845720	-1
chr2	91846189	-1
chr2	95787628	53437,53438
chr2	97482142	53604,53605,53606
chr2	97523856	53618
chr2	97523882	53618
chr2	97524732	53618
chr2	97533741	53626,53627,53629,53631
chr1	109289206	4753
chr2	97534292	53627,53628,53629,53631,53633
chr2	97534975	53628,53630,53631,53633
chr2	99224955	53711,53712,53713,53714
chr2	99224968	53711,53712,53713,53714
chr2	99225744	53712,53714
chr2	99952808	53752,53753
chr2	99952878	53752,53753
chr2	99953594	53752,53753
chr2	101441438	-1
chr2	101442212	-1
chr1	109289215	4753
chr2	101442306	-1
chr2	101499255	-1
chr2	101499771	-1
chr2	101499798	-1
chr2	105945716	-1
chr2	109065087	54043,54044
chr2	109065652	54044,54045
chr2	109065668	54044,54045
chr2	109066263	54045
chr2	110274146	-1
chr1	109290039	-1
chr2	110274169	-1
chr2	110274703	-1
chr2	110275114	-1
chr2	110372587	54094,54097
chr2	110962602	54102
chr2	111880093	54119,54120,54121
chr2	111880834	54119,54121
chr2	111880851	54119,54121
chr2	113925038	-1
chr2	113925056	-1
chr1	109825841	4816,4817
chr2	113925595	-1
chr2	113975510	54270
chr2	113976091	54270
chr2	113976096	54270
chr2	113997992	-1
chr2	113998234	-1
chr2	113998691	-1
chr2	114735337	54323,54324
chr2	114736064	54323,54324,54326
chr2	114736068	54323,54324,54326
chr1	117909520	5319,5321,5322
chr2	114736562	54323,54324,54326
chr2	119980638	54378
chr2	119980970	54378
chr2	119981552	54378
chr2	120188395	54390
chr2	120189252	54390
chr2	120189273	54390
chr2	120189820	-1
chr2	121010928	-1
chr2	121300283	-1
chr1	117910060	5320,5321,5322
chr2	122290195	-1
chr2	122290637	-1
chr2	122290654	-1
chr2	128144945	54550,54552,54553
chr2	128144992	54550,54552,54553
chr2	128145525	54550,54551,54552,54553
chr2	128145544	54550,54551,54552,54553
chr2	128176623	54556
chr2	128283230	-1
chr2	128284121	54566
chr1	117910067	5320,5321,5322
chr2	128284134	54566
chr2	128458240	54603,54604,54605,54607
chr2	128458261	54603,54604,54605,54607
chr2	128458896	54604,54605,54607
chr2	128458942	54604,54605,54607
chr2	128459655	54605,54606,54607
chr2	128784980	54644
chr2	128784990	54644
chr2	128785672	54644,54645
chr2	128848660	54646
chr1	120255154	5350
chr2	128848726	54646
chr2	128848859	54646
chr2	128936306	-1
chr2	128936383	-1
chr2	128936928	54651
chr2	131862873	54738
chr2	131862888	54738
chr2	131863542	54739
chr2	136499307	54888
chr2	136499318	54888
chr1	120255866	5350
chr2	136500188	54889
chr2	148778185	55033,55034
chr2	148778207	55033,55034
chr2	148779000	55033,55035
chr2	158484999	-1
chr2	158485741	55260,55261
chr2	158485785	55260,55261
chr2	158732868	55269,55270,55271
chr2	158732890	55269,55270,55271
chr2	158733524	55269,55270
chr1	3166892	-1
chr1	144533809	-1
chr2	158984229	-1
chr2	158984248	-1
chr2	158985116	-1
chr2	162017008	55399
chr2	162017616	55400
chr2	162017635	55400
chr2	168149446	55586
chr2	168149467	55586
chr2	168149850	-1
chr2	169311858	55605
chr1	144534014	-1
chr2	169312609	55605
chr2	169312724	55605
chr2	169313308	-1
chr2	170573186	-1
chr2	173940601	55875
chr2	173941147	55876
chr2	173941459	55876
chr2	174220189	-1
chr2	178468689	-1
chr2	179315145	56115
chr1	144534050	-1
chr2	179315890	56116
chr2	179315980	56116,56117
chr2	191184755	56507
chr2	191184787	56507
chr2	191185505	56507
chr2	191398837	56526
chr2	191399602	56527
chr2	191399661	56527
chr2	191745479	56539
chr2	191745542	56539
chr1	149980840	-1
chr2	191746090	-1
chr2	197663924	-1
chr2	197664465	56666
chr2	197664470	56666
chr2	198318065	56704
chr2	198318099	56704
chr2	198318657	56705
chr2	198364507	56715,56716,56717,56718,56719
chr2	198364902	56715,56716,56717,56718,56719
chr2	198365041	56715,56716,56717,56718,56719
chr1	149980848	-1
chr2	201728749	56849
chr2	201729414	56849,56850
chr2	201729419	56849,56850
chr2	202315426	56915
chr2	202316217	56914,56915
chr2	202316228	56914,56915
chr2	208030041	57180
chr2	208030946	57179,57180
chr2	208030964	57179,57180
chr2	208393877	57185,57186
chr1	149981362	-1
chr2	208394750	57184,57185,57186
chr2	208394769	57184,57185,57186
chr2	215674896	57368,57369
chr2	217436419	-1
chr2	217436438	-1
chr2	217436977	-1
chr2	218767659	57531
chr2	218767702	57531
chr2	218768346	57531,57532
chr2	219157309	57597,57598
chr1	150601726	5635,5636,5638
chr2	219264479	57614,57615,57616,57617
chr2	219264546	57614,57615,57616,57617
chr2	219264827	57614,57615,57616,57617
chr2	219265507	57614,57616,57617,57618
chr2	219270487	57623
chr2	219271090	-1
chr2	219271096	-1
chr2	219272018	-1
chr2	219574837	57661
chr2	219575630	57661
chr1	150602161	5636,5637,5638
chr2	219575649	57661
chr2	220071486	57720,57721,57722
chr2	220071496	57720,57721,57722
chr2	220072092	57721,57722,57723
chr2	220252576	57790,57791,57792,57793,57794,57795
chr2	220374516	-1
chr2	220374806	-1
chr2	220375105	-1
chr2	223725648	57922
chr2	223725670	57922
chr1	150602190	5636,5637,5638
chr2	223726389	-1
chr2	227665456	58013,58014,58015
chr2	227665885	58014,58015
chr2	227666267	58014,58015
chr2	230786255	58128
chr2	230786832	58127,58128
chr2	230786840	58127,58128
chr2	231578347	58168
chr2	231851993	-1
chr2	231852426	-1
chr1	151512261	5764
chr2	231852910	-1
chr2	231915250	58205
chr2	231915293	58205
chr2	231915935	58205
chr2	232316843	-1
chr2	232316864	-1
chr2	232317546	-1
chr2	232571331	58261,58263
chr2	232571715	58262,58263
chr2	232571737	58262,58263
chr1	3167240	-1
chr1	151512736	5764
chr2	232572630	58262,58263,58265
chr2	235913824	-1
chr2	239961868	-1
chr2	239962237	-1
chr2	239962243	-1
chr2	241499614	58710,58711,58712
chr2	241499616	58710,58711,58712
chr2	241500408	58713
chr2	241500524	58713
chr2	241505245	-1
chr1	151512742	5764
chr2	241505756	-1
chr2	241506163	58715
chr2	241506854	58715
chr2	241525348	58723,58725
chr2	241525859	58722,58723,58724,58725
chr2	241526061	58722,58724,58725
chr2	241796234	-1
chr2	241796255	-1
chr2	241797005	-1
chr2	242040941	58798,58800
chr1	153600224	5838,5839,5841
chr2	242041777	58799,58800
chr2	242041798	58799,58800
chr2	242088924	58809,58810,58813
chr2	242088996	58809,58810,58813
chr2	242089813	58809,58811,58812,58813
chr2	242089879	58809,58811,58812,58813
chr2	242090661	58809,58811,58812
chr2	242294820	58874
chr2	242295580	58874
chr2	242295596	58874
chr1	153643599	5863,5864
chr2	242447133	58895
chr2	242447468	58895
chr2	242448109	58894,58895
chr2	242641366	58923,58925,58926,58928
chr2	242642151	58923,58925,58927,58928
chr2	242642161	58923,58925,58927,58928
chr2	242674151	58932,58933
chr2	242674489	58933
chr2	242674930	58934
chr2	242750210	58949,58950,58952
chr1	153644064	5863,5864
chr2	242750236	58949,58950,58952
chr2	242750891	58949,58952,58953
chr20	305205	58988,58990,58991
chr20	306030	58988,58989,58990,58991
chr20	306038	58988,58989,58990,58991
chr20	351781	-1
chr20	351826	-1
chr20	352632	-1
chr20	1305920	59075
chr20	1305938	59075
chr1	153644084	5863,5864
chr20	1306435	59076
chr20	1447523	59089
chr20	1448515	59089,59090
chr20	2633142	59163,59164,59166,59167
chr20	2853469	59204
chr20	2854008	59204
chr20	2854010	59204
chr20	2854643	-1
chr20	3189569	59260,59261
chr20	3190172	59261
chr1	153918995	5913,5914
chr20	3190194	59261
chr20	3203695	59262
chr20	3203698	59262
chr20	3204643	-1
chr20	3827411	59345
chr20	3827428	59345
chr20	3828273	-1
chr20	3995428	-1
chr20	4148219	-1
chr20	4152267	59390
chr1	153919291	5913,5914
chr20	4152269	59390
chr20	4153227	59391
chr20	4741475	-1
chr20	5100136	59442,59444
chr20	5100652	59443,59444
chr20	5100663	59443,59444
chr20	5590809	-1
chr20	5591106	-1
chr20	5591719	59485
chr20	5591741	59485
chr1	153919896	5913,5914
chr20	10652990	59652,59653
chr20	11871460	59660,59661
chr20	11871503	59660,59661
chr20	11872016	59661
chr20	11872434	59661
chr20	11873049	59661
chr20	11873081	59661
chr20	17549862	59761,59762,59763
chr20	17550658	59763,59764
chr20	17550669	59763,59764
chr1	154927838	6046
chr20	17551457	59764
chr20	17661063	59779,59781
chr20	18568574	59843
chr20	18568602	59843
chr20	18569073	-1
chr20	19739263	59861
chr20	22410288	-1
chr20	22410820	-1
chr20	22470568	-1
chr20	22471172	-1
chr1	955614	37,38,39
chr1	9294379	685
chr1	154927862	6046
chr20	22471189	-1
chr20	22471672	-1
chr20	22492753	-1
chr20	22492763	-1
chr20	22493391	-1
chr20	22565508	59969
chr20	22565972	59969,59970
chr20	22566834	59969,59970
chr20	23331200	60001
chr20	23342708	60004,60005
chr1	154928549	6046,6047
chr20	23342734	60004,60005
chr20	23343387	60004,60006
chr20	24972653	-1
chr20	24973339	60059
chr20	24973397	60059
chr20	25035891	-1
chr20	25035894	-1
chr20	25036310	-1
chr20	25603261	60136
chr20	25603965	60136
chr1	156074109	-1
chr20	25604797	60135,60136
chr20	25604841	60135,60136
chr20	30160709	60190
chr20	30161611	60189
chr20	30161637	60189
chr20	30162206	60189
chr20	30192152	60192,60193
chr20	30192166	60192,60193
chr20	30192970	60193
chr20	30193057	60193
chr1	156074117	-1
chr20	30266358	-1
chr20	30266416	-1
chr20	30266953	-1
chr20	30284096	-1
chr20	30284112	-1
chr20	30285080	-1
chr20	30310731	60201,60202
chr20	30311411	60201,60202,60203
chr20	30311431	60201,60202,60203
chr20	30943037	-1
chr1	156074530	6297
chr20	30943430	-1
chr20	30943444	-1
chr20	31132610	-1
chr20	31594840	60331,60332
chr20	31595352	60331,60332
chr20	31595378	60331,60332
chr20	32077619	60364
chr20	32077650	60364
chr20	32078317	-1
chr20	32273626	60394
chr1	161014959	6642,6643,6645
chr20	32274275	60395
chr20	32274305	60395
chr20	32951041	60453
chr20	32951050	60453
chr20	32951777	60454
chr20	33100096	-1
chr20	33100582	-1
chr20	33100992	-1
chr20	33291452	60482,60483
chr20	33292076	60482,60483
chr1	161014973	6642,6643,6645
chr20	33292095	60482,60483
chr20	33300842	60493
chr20	33412867	60507
chr20	33462929	60517,60518
chr20	34252232	-1
chr20	34252848	60619
chr20	34252875	60619
chr20	34290530	-1
chr20	34329580	60639
chr20	34330023	60639,60640
chr1	161015486	6642,6643,6645
chr20	34330152	60640
chr20	34330582	60640
chr20	34541788	60653,60654,60656,60657
chr20	34542452	60653,60655,60656,60657
chr20	34542495	60653,60655,60656,60657
chr20	34770426	-1
chr20	34771279	60681
chr20	34771313	60681
chr20	35402174	60735
chr20	35402189	60735
chr1	161015879	6642,6644,6645
chr20	35402766	60735
chr20	35579279	-1
chr20	35580148	60761
chr20	35580279	60761
chr20	35806802	60769,60770
chr20	35807460	60770
chr20	35807487	60770
chr20	35972214	60794,60795
chr20	36009784	60797
chr20	36040438	-1
chr1	161735147	6729
chr20	37063128	60898
chr20	37063841	60899
chr20	37064067	60899
chr20	37064084	60899
chr20	37075302	60900,60901
chr20	37076133	60901
chr20	37076147	60901
chr20	37076954	-1
chr20	37076974	-1
chr20	37359759	60923
chr1	9310239	-1
chr1	161735986	6729
chr20	37360296	-1
chr20	37360313	-1
chr20	37590885	60945,60946
chr20	37590992	60945,60946
chr20	37591419	60945
chr20	39656773	60959
chr20	39657451	60959
chr20	39657460	60959
chr20	39763938	60975,60976
chr20	39764876	60975,60976,60977,60979
chr1	161736009	6729
chr20	39945504	61004
chr20	39946431	61003,61005
chr20	39946493	61003,61005
chr20	42086150	61044,61045,61046
chr20	42086404	61044,61045,61046
chr20	42086534	61044,61045,61046
chr20	42142675	61051,61052
chr20	42142684	61051,61052
chr20	42143559	61051
chr20	42838807	61092
chr1	165600154	6792,6793
chr20	42839616	61091,61092
chr20	42839620	61091,61092
chr20	42939868	61102
chr20	43988104	-1
chr20	43991849	61226,61227
chr20	43992095	61227
chr20	43992105	61227
chr20	43992607	-1
chr20	44420565	61267,61268,61269,61270
chr20	44420574	61267,61268,61269,61270
chr1	165601015	-1
chr20	44420978	61267,61268,61270
chr20	44462674	61278,61279
chr20	44518829	61288,61290,61291
chr20	44518864	61288,61290,61291
chr20	44519428	61290,61291,61292
chr20	44519855	61289,61290,61291,61292,61293
chr20	44519866	61289,61290,61291,61292,61293
chr20	44600569	61321,61322,61323,61324
chr20	44601048	61323,61324
chr20	44601057	61323,61324
chr1	165601024	-1
chr20	44717949	-1
chr20	44718721	61353,61354
chr20	44718727	61353,61354
chr20	45947028	61456
chr20	45947106	61456
chr20	45947514	-1
chr20	45948098	61457
chr20	45985544	61465,61466,61467
chr20	45985566	61465,61466,61467
chr20	45986533	61465,61466,61467,61468
chr1	167904752	6872,6873
chr20	47662738	61539
chr20	47662758	61539
chr20	47663324	-1
chr20	47835896	61570
chr20	47835909	61570
chr20	47836831	-1
chr20	48200581	-1
chr20	48200601	-1
chr20	48201170	-1
chr20	48531662	-1
chr1	167905343	6871,6872,6873
chr20	48532322	61637
chr20	48532327	61637
chr20	48533127	61637
chr20	48533177	61637
chr20	48737614	-1
chr20	48738531	-1
chr20	48738558	-1
chr20	48770394	61664
chr20	48770396	61664
chr20	48771195	61664
chr1	167905361	6871,6872,6873
chr20	48908625	61675
chr20	48909268	61675
chr20	48909276	61675
chr20	48920903	-1
chr20	48921240	-1
chr20	48921724	-1
chr20	48921726	-1
chr20	49015757	-1
chr20	49015780	-1
chr20	49016620	-1
chr1	172501693	7002
chr20	49296479	-1
chr20	49296498	-1
chr20	49297181	-1
chr20	49297202	-1
chr20	49347769	61693
chr20	49347844	61693
chr20	49348680	-1
chr20	49411404	61694
chr20	49411514	61694
chr20	49412079	61695
chr1	172501717	7002
chr20	49574486	61712
chr20	49575081	61711,61712
chr20	49575097	61711,61712
chr20	49597312	-1
chr20	49598115	-1
chr20	49598122	-1
chr20	50179603	61726
chr20	50808353	61751,61752
chr20	52739452	-1
chr20	52740372	-1
chr1	9599411	702
chr1	172502197	7002
chr20	52740394	-1
chr20	52824466	61786
chr20	52824476	61786
chr20	52825154	-1
chr20	54966698	61807
chr20	54967418	61806,61807
chr20	54967560	61806,61807
chr20	54967629	61806,61807
chr20	56004815	-1
chr20	56004885	-1
chr1	173837164	7046,7047,7048,7049,7050,7051,7053
chr20	56005019	-1
chr20	56130745	-1
chr20	56130854	-1
chr20	56131284	-1
chr20	56131848	-1
chr20	56161676	-1
chr20	56162094	-1
chr20	56162565	-1
chr20	57226249	61916
chr20	57226262	61916
chr1	173837189	7047,7048,7049,7050,7051,7053
chr20	57227073	61917
chr20	57445073	-1
chr20	57445091	-1
chr20	57445527	-1
chr20	57556161	61972
chr20	57556218	61972
chr20	57556802	-1
chr20	57585815	-1
chr20	57586285	-1
chr20	57586428	-1
chr1	173837967	7048,7049,7052,7053
chr20	60694277	-1
chr20	60695121	-1
chr20	60695156	-1
chr20	60697391	62069,62071
chr20	60697416	62069,62071
chr20	60697825	62071
chr20	60710783	62073
chr20	60711704	62073,62074
chr20	60712211	62074
chr20	60718418	62079,62080,62081
chr1	173990786	7061
chr20	60718488	62079,62080,62081
chr20	60718864	62080,62081
chr20	60719556	62080
chr20	60724402	-1
chr20	60724934	-1
chr20	60724942	-1
chr20	60730796	-1
chr20	60731609	-1
chr20	60758055	62085,62086
chr20	60876334	62108,62109
chr1	173991518	7062
chr20	60877078	62108,62109,62110
chr20	60877121	62108,62109,62110
chr20	60877953	62109,62110,62111,62112
chr20	60878558	62110,62111,62112
chr20	60944619	-1
chr20	60945359	-1
chr20	60961329	62132
chr20	60962044	62131,62132,62133
chr20	60962064	62131,62132,62133
chr20	60986946	-1
chr1	173991537	7062
chr20	61425975	62175
chr20	61454253	62185
chr20	61454278	62185
chr20	61455006	62185
chr20	61530821	-1
chr20	61531707	62203
chr20	61531721	62203
chr20	61532309	62203
chr20	61555341	-1
chr20	61584059	62221,62222,62223
chr1	178063403	7116,7118
chr20	61584077	62221,62222,62223
chr20	61584822	62221
chr20	61584853	62221
chr20	61585731	62221
chr20	61585842	62221
chr20	61587212	62224
chr20	61587284	62224
chr20	61587972	62224
chr20	62368893	62390
chr20	62369310	62390,62392
chr1	183440915	7332,7334
chr20	62369617	62392
chr20	62495590	62417,62419
chr20	62496518	62417,62418,62419
chr20	62496521	62417,62418,62419
chr20	62668000	62469
chr20	62693653	62481,62482
chr20	62694390	62482
chr20	62694393	62482
chr21	33272965	-1
chr21	33273000	-1
chr1	183440929	7332,7334
chr21	33273692	-1
chr21	35287687	-1
chr21	35288141	62803
chr21	35288149	62803
chr21	38640264	62965
chr21	40555353	63027
chr21	40555373	63027
chr21	40555915	63027
chr21	43098739	-1
chr21	43099315	-1
chr1	9599462	702
chr1	183441715	7332,7333,7334
chr21	43099332	-1
chr21	43135981	63112,63113
chr21	43135991	63112,63113
chr21	43136693	63112,63113
chr21	44834987	63250
chr21	44835309	63250,63251
chr21	44835752	63250,63251
chr21	45758302	63381
chr21	45758317	63381
chr21	45759288	63381,63382,63383
chr1	185285532	-1
chr21	46331735	63449,63450,63451
chr21	46332095	63449,63450,63451,63452
chr21	46332680	63450,63451,63452,63453
chr21	46829899	-1
chr21	46830431	-1
chr21	46830438	-1
chr22	19158665	63737,63738
chr22	19159220	63738
chr22	19159648	-1
chr22	19279620	63749
chr1	185286021	7412
chr22	19419335	63757,63758,63760
chr22	20004431	63833,63834,63835
chr22	20004438	63833,63834,63835
chr22	20005408	63834
chr22	20863957	-1
chr22	20864647	-1
chr22	20864665	-1
chr22	21311211	63955
chr22	21995791	64013
chr22	21996407	64013
chr1	185286339	7412,7413
chr22	21996419	64013
chr22	22780831	64081
chr22	22780834	64081
chr22	22781639	64081
chr22	23417595	-1
chr22	23418080	64122
chr22	23418100	64122
chr22	24237020	64209,64210
chr22	29663913	64452,64453,64454
chr22	29663936	64452,64453,64454
chr1	200379019	7526,7527,7528,7529
chr22	29664799	64452,64453
chr22	31364457	64634,64635,64637,64639
chr22	31365060	64634,64635,64636,64637,64639,64640
chr22	31365079	64634,64635,64636,64637,64639,64640
chr22	36023360	-1
chr22	36023363	-1
chr22	36024018	-1
chr22	36748357	64927
chr22	36830762	-1
chr22	36830779	-1
chr1	201366092	-1
chr22	36831616	-1
chr22	39714985	65302,65303,65304
chr22	39715784	65303,65304,65305
chr22	39715812	65303,65304,65305
chr22	40894793	-1
chr22	40894814	-1
chr22	40895339	-1
chr22	41777034	65470
chr22	41777825	65469,65470
chr22	41777834	65469,65470
chr1	201366106	-1
chr22	42016346	65510
chr22	42017227	65509,65510
chr22	42017246	65509,65510
chr22	42486325	65584
chr22	42486857	65583,65584
chr22	42486889	65583,65584
chr22	42487419	65583
chr22	43201630	-1
chr22	43201648	-1
chr22	43202208	-1
chr1	201366755	7577
chr22	43583012	65698
chr22	43583644	65698
chr22	43583660	65698
chr22	49098428	-1
chr3	5027878	-1
chr3	5028752	66210
chr3	5028765	66210
chr3	5228992	66224,66225
chr3	5229041	66224,66225
chr3	5229907	66224,66226
chr1	202317779	7696
chr3	9974887	66360,66361,66362
chr3	9975437	66359,66360,66361,66362
chr3	9975445	66359,66360,66361,66362
chr3	10854091	-1
chr3	10854299	-1
chr3	10854307	-1
chr3	11761878	66461,66462
chr3	11812087	-1
chr3	11812090	-1
chr3	11812733	-1
chr1	202317879	7696
chr3	14719714	66618
chr3	14719728	66618
chr3	14720623	-1
chr3	14720627	-1
chr3	15900426	66716
chr3	15900432	66716
chr3	15901272	66715,66716
chr3	16305826	66731
chr3	16306657	66730,66731
chr3	16306676	66730,66731
chr1	9600098	-1
chr1	202318515	-1
chr3	24562969	-1
chr3	32822379	66965
chr3	38045663	-1
chr3	38046607	-1
chr3	38206529	67132,67133,67134
chr3	38206537	67132,67133,67134
chr3	38206986	67132,67134
chr3	39195088	67194,67195
chr3	39424852	67204,67206
chr3	39425825	67205,67206
chr1	202318519	-1
chr3	39425836	67205,67206
chr3	42872021	-1
chr3	42872950	-1
chr3	42872968	-1
chr3	49044186	67802,67803
chr3	49044718	67802,67803
chr3	49044739	67802,67803
chr3	49170408	67867
chr3	49170450	67867
chr3	49171110	67867
chr1	208417954	8168,8169
chr3	50329082	68052
chr3	50330003	68053
chr3	50330035	68053
chr3	50653560	68108,68109
chr3	50653631	68108,68109
chr3	50654297	68108,68109
chr3	51533008	-1
chr3	51533470	-1
chr3	51533994	68131
chr3	51975252	68156
chr1	210501960	8188,8189
chr3	51975277	68156
chr3	51976209	68155,68156,68157
chr3	52008516	68178,68179,68180
chr3	52008530	68178,68179,68180
chr3	52008945	68178,68179,68180
chr3	52719507	68323,68324,68325
chr3	52719524	68323,68324,68325
chr3	52720023	68322,68323,68324,68325,68326
chr3	53106077	-1
chr3	53106099	-1
chr1	210502465	8188,8189
chr3	53106789	-1
chr3	61236436	-1
chr3	67048073	68744,68745
chr3	67048513	68744,68745
chr3	67048536	68744,68745
chr3	69100865	-1
chr3	69101508	68774
chr3	69101520	68774
chr3	73016819	-1
chr3	73016827	-1
chr1	210502468	8188,8189
chr3	73017553	-1
chr3	105087350	-1
chr3	105087763	-1
chr3	105088320	-1
chr3	111578518	69169,69170
chr3	113414946	69239,69240
chr3	113415629	69239,69241
chr3	113415644	69239,69241
chr3	114343020	69296,69297
chr3	114343864	69297,69298
chr1	210547311	-1
chr3	114343882	69297,69298
chr3	119813073	69383,69384,69386,69387
chr3	119813820	69383,69385,69386,69387
chr3	119813835	69383,69385,69386,69387
chr3	119814028	69383,69385,69387
chr3	120401169	69406
chr3	120401192	69406
chr3	120402132	69406
chr3	125634896	69661
chr3	125634912	69661
chr1	210547330	-1
chr3	125635491	69661
chr3	126061387	-1
chr3	126073219	69681
chr3	126108195	-1
chr3	126108226	-1
chr3	126108671	-1
chr3	129033087	69886,69887
chr3	129033853	69886,69887
chr3	129033872	69886,69887
chr3	129034494	69887
chr1	210548267	-1
chr3	129035099	69887,69888,69889
chr3	129035113	69887,69888,69889
chr3	134093266	70108,70109,70110
chr3	148319027	-1
chr3	148319045	-1
chr3	148320002	-1
chr3	149102826	-1
chr3	149103742	-1
chr3	149103822	-1
chr3	149375777	70453,70454,70455
chr1	211689268	-1
chr3	150127915	70487,70488,70489,70490
chr3	170074846	70810
chr3	170075444	70810,70811
chr3	170075462	70810,70811
chr3	176915251	70931,70932,70933,70934
chr3	176915263	70931,70932,70933,70934
chr3	176915982	70931,70932
chr3	184053660	71174,71175
chr3	184053687	71174,71175
chr3	184054180	71175
chr1	10002551	752
chr1	225840783	8547,8548
chr3	191439325	-1
chr3	191439344	-1
chr3	191439856	-1
chr3	196715640	-1
chr3	196757611	71630,71631
chr3	197192562	-1
chr3	197192572	-1
chr3	197193138	-1
chr3	197229060	-1
chr4	492533	71728,71730
chr1	225841262	8547
chr4	492552	71728,71730
chr4	492765	71727,71728,71730
chr4	492965	71727,71728,71730
chr4	681149	71767
chr4	681579	71767
chr4	681913	71767
chr4	1748149	-1
chr4	1748704	-1
chr4	1749117	-1
chr4	1872283	71927
chr1	225841736	8547
chr4	1872777	71926,71927
chr4	1872787	71926,71927
chr4	2420647	71989,71990,71991
chr4	2420668	71989,71990,71991
chr4	2421289	71990,71992
chr4	2536809	-1
chr4	2537272	-1
chr4	2537757	-1
chr4	2538161	-1
chr4	6988285	72249
chr1	225954856	-1
chr4	6988895	72248,72249
chr4	6989183	72248
chr4	7069230	-1
chr4	7069915	72275
chr4	7069940	72275
chr4	7105050	72277
chr4	8200888	72316
chr4	8429619	-1
chr4	8430244	72330
chr4	8430254	72330
chr1	225955636	-1
chr4	15656525	72405
chr4	26321388	72563,72564,72565
chr4	39046088	72655
chr4	39046555	72655
chr4	39046813	-1
chr4	41218655	72760
chr4	44018754	72787
chr4	44018756	72787
chr4	44018962	72787
chr4	56412249	72933
chr1	226250516	8584,8585,8587,8588,8589
chr4	56412258	72933
chr4	56413107	72933,72934
chr4	75023776	73156
chr4	75023801	73156
chr4	75024204	73157
chr4	87928196	73476
chr4	87928200	73476
chr4	87929078	-1
chr4	87929082	-1
chr4	89205028	73524,73527
chr1	228297029	8704
chr4	89205896	73524,73525,73526,73527
chr4	89205970	73524,73525,73526,73527
chr4	103748750	73666,73667,73668,73669
chr4	103748780	73666,73667,73668,73669
chr4	103749449	73667,73668,73669
chr4	129731230	73977
chr4	141632501	-1
chr4	141633244	-1
chr4	141633273	-1
chr4	141677662	74078,74079
chr1	229339286	-1
chr4	147442238	74153
chr4	147442280	74153
chr4	147443146	74151,74153
chr4	152330905	-1
chr4	169930826	-1
chr4	169931455	74419
chr4	169931478	74419
chr4	185570544	74592,74593,74594
chr4	186124613	74626
chr4	190654200	-1
chr1	229339304	-1
chr5	31531328	75168
chr5	31532270	75167,75168
chr5	31532290	75167,75168
chr5	31532879	75167
chr5	32174478	75194
chr5	34191726	75265
chr5	34192313	-1
chr5	34192670	-1
chr5	36151306	75308,75309
chr5	36876210	75332,75333,75334,75336,75337
chr1	229340031	-1
chr5	43007904	-1
chr5	43008310	-1
chr5	43008844	-1
chr5	43040488	75501,75502,75503
chr5	43065963	75507,75508,75509,75512
chr5	55007905	75640
chr5	55933279	-1
chr5	55934268	-1
chr5	55934270	-1
chr5	66511466	-1
chr1	10003462	749,750,751,752
chr1	229761865	8806,8807
chr5	66511477	-1
chr5	66512035	-1
chr5	74062536	76038
chr5	74062984	76037,76038,76040
chr5	74063003	76037,76038,76040
chr5	74632925	76053,76054
chr5	74632931	76053,76054
chr5	74633572	-1
chr5	86707851	76331
chr5	86708739	76331,76332
chr1	229761917	8806,8807
chr5	86708756	76331,76332
chr5	95198016	-1
chr5	95198792	-1
chr5	95198802	-1
chr5	95297150	76458
chr5	95297756	76457,76458
chr5	95297783	76457,76458
chr5	95998403	76463
chr5	98264064	76529,76530,76532
chr5	99870984	76534,76535
chr1	229762368	8806
chr5	99870999	76534,76535
chr5	99871625	76534
chr5	109025633	76587
chr5	126112632	76846
chr5	126113092	-1
chr5	126113573	-1
chr5	131832417	-1
chr5	131832746	-1
chr5	131833160	-1
chr5	131892548	76950,76951
chr1	230921657	-1
chr5	131892568	76950,76951
chr5	131893324	-1
chr5	133561233	77097,77098,77099,77101
chr5	133561780	77097,77098,77100,77101
chr5	133561801	77097,77098,77100,77101
chr5	133862712	77122
chr5	133927147	-1
chr5	133927157	-1
chr5	133927995	-1
chr5	133984293	77135,77137
chr1	230922262	-1
chr5	138677399	77412,77413
chr5	138677421	77412,77413
chr5	138678122	77413
chr5	139554679	77474
chr5	139554685	77474
chr5	139555254	77475
chr5	139781222	77484,77485,77486
chr5	139781289	77484,77485,77486
chr5	139782091	77484,77485
chr5	141391869	77701
chr1	230922281	-1
chr5	141392185	77701
chr5	141392700	77701,77702
chr5	149790310	-1
chr5	151151070	78112,78113,78114
chr5	151151132	78112,78113,78114
chr5	151151425	78112,78113,78114
chr5	154237416	78183,78184
chr5	154238026	78184
chr5	154238060	78184
chr5	159436036	78282,78283
chr1	234743436	8947,8948
chr5	159436123	78282,78283
chr5	159436323	78282,78283
chr5	162864436	78311,78312
chr5	162864455	78311,78312
chr5	162865093	78312
chr5	172196248	78414,78415,78416
chr5	175280857	-1
chr5	175281807	-1
chr5	175281825	-1
chr5	176881018	78629
chr1	234743982	8947,8948,8949,8951
chr5	176881671	78628,78629,78632
chr5	176881683	78628,78629,78632
chr5	176882443	78628,78629,78630,78632
chr5	177502383	-1
chr5	177659066	78710,78711
chr5	179234426	78789,78791
chr5	179248666	78797,78798
chr6	1264476	-1
chr6	1264484	-1
chr6	1265446	-1
chr1	234744021	8948,8949,8951
chr6	1312385	78967,78968,78969
chr6	1312407	78967,78968,78969
chr6	1313370	78970
chr6	2765666	79023
chr6	2765746	79023
chr6	2766437	79024
chr6	2876912	79035
chr6	2876960	79035
chr6	2877861	79035
chr6	3749790	79127
chr1	245027282	9190,9191
chr6	3840755	-1
chr6	3840840	-1
chr6	3841448	-1
chr6	3841451	-1
chr6	7145687	-1
chr6	7145693	-1
chr6	7146540	-1
chr6	10721597	79362
chr6	10721789	79362
chr6	10721833	79362
chr1	10003496	749,750,751,752
chr1	245133776	9196
chr6	11093990	79385
chr6	11094000	79385
chr6	11094837	-1
chr6	11537730	79407,79408,79410
chr6	11537744	79407,79408,79410
chr6	11538191	79407,79409,79410
chr6	13711808	79499,79500
chr6	14211367	-1
chr6	14211382	-1
chr6	14212096	-1
chr1	247275924	9247,9248
chr6	17706365	79594,79596
chr6	17707190	79595,79596
chr6	17707200	79595,79596
chr6	18155680	79613,79614
chr6	24721043	79748,79749,79750,79751
chr6	24721514	79749,79750,79751,79752
chr6	24721527	79749,79750,79751,79752
chr6	25992346	79833
chr6	25992965	79833
chr6	25992984	79833
chr10	3817132	-1
chr6	26123351	79854,79855
chr6	26123396	79854,79855
chr6	26124298	79853,79854,79855
chr6	26124316	79853,79854,79855
chr6	26401653	79893
chr6	26402418	79893
chr6	26402504	79893
chr6	26402706	79893
chr6	26420989	79897,79898
chr6	26421567	79897,79898
chr10	3826848	9421
chr6	26421592	79897,79898
chr6	26537700	79913
chr6	26537777	79913
chr6	26538281	79913
chr6	26596202	79919,79920
chr6	26597093	79919,79920,79921,79922
chr6	26597125	79919,79920,79921,79922
chr6	27114741	79937,79938,79939
chr6	27114758	79937,79938,79939
chr6	27115265	79937,79938,79940
chr10	3827614	9421,9422
chr6	27775798	79972,79973
chr6	27862225	79992
chr6	27862296	79992
chr6	27863138	-1
chr6	28047207	79998,80000
chr6	28047965	79998,80000
chr6	28047993	79998,80000
chr6	28048957	79999,80000
chr6	28864190	-1
chr6	28864197	-1
chr10	3827624	9421,9422
chr6	28864830	-1
chr6	29894070	80138,80139
chr6	29894078	80138,80139
chr6	29894982	80138,80140
chr6	29944445	-1
chr6	29944464	-1
chr6	29945103	80148
chr6	30181287	80193
chr6	30181296	80193
chr6	30181963	80193
chr10	6130854	9528
chr6	31164883	80354
chr6	31164886	80354
chr6	31165469	80353,80354
chr6	31171262	-1
chr6	31171280	-1
chr6	31171881	-1
chr6	31171908	-1
chr6	32096097	80627
chr6	32096118	80627
chr6	32096763	80627
chr10	6130873	9528
chr6	32096774	80627
chr6	32163406	80665
chr6	32163767	80665,80666
chr6	32164356	80665,80666,80667
chr6	32164373	80665,80666,80667
chr6	32806034	-1
chr6	32806603	80697
chr6	32806610	80697
chr6	32936108	80722,80723,80724
chr6	32936158	80722,80723,80724
chr10	6131674	-1
chr6	32936307	80722,80723,80724
chr6	33378107	80816,80817
chr6	33378118	80816,80817
chr6	33378549	80816,80817
chr6	33807950	-1
chr6	33807975	-1
chr6	33808405	-1
chr6	34216295	-1
chr6	34216878	80919
chr6	34216931	80919
chr10	7860328	9596
chr6	36164284	81076
chr6	36646510	81129,81130
chr6	37070441	-1
chr6	37070470	-1
chr6	37071157	-1
chr6	37071174	-1
chr6	38607150	81270,81272
chr6	38607691	81270,81271,81272
chr6	38607775	81270,81271,81272
chr6	41424635	-1
chr1	10270551	772,773
chr10	7860413	9596
chr6	41424662	-1
chr6	41425175	-1
chr6	41754359	81435,81437
chr6	41755349	81436,81437
chr6	42713856	81513,81514,81515,81517
chr6	42713864	81513,81514,81515,81517
chr6	42714833	81513,81516,81517
chr6	42928411	81554
chr6	42928424	81554
chr6	42928961	-1
chr10	7860910	-1
chr6	43027188	81588,81589,81591,81593
chr6	43027193	81588,81589,81591,81593
chr6	43027838	81588,81590,81591,81592,81593
chr6	43141719	81616
chr6	43142475	81616
chr6	43142489	81616
chr6	43543235	81708
chr6	43543826	81707,81708
chr6	43543944	81707,81708
chr6	43737932	81732,81733
chr10	13341505	-1
chr6	43885223	-1
chr6	43885976	-1
chr6	43886004	-1
chr6	44041832	81750
chr6	76311677	82346
chr6	76312070	-1
chr6	76312553	-1
chr6	80816281	82394
chr6	80816303	82394
chr6	80816792	-1
chr10	13342105	9666,9667
chr6	86353065	82481,82482,82483
chr6	89744763	-1
chr6	89744765	-1
chr6	89745385	-1
chr6	89790507	82548,82550
chr6	89791402	82549,82550,82551
chr6	89791410	82549,82550,82551
chr6	100015939	82658
chr6	100016568	82659
chr6	100016585	82659
chr10	13342116	9666,9667
chr6	117923081	-1
chr6	117923713	83088
chr6	117923820	83088
chr6	119215339	-1
chr6	119215342	-1
chr6	119216204	-1
chr6	126070951	83240,83241
chr6	131456552	83418
chr6	131457257	83419
chr6	131457392	83419
chr10	27443289	9981,9982,9984
chr6	133134806	83492,83493
chr6	133135399	83492,83493
chr6	133135434	83492,83493
chr6	135818932	83573,83574,83575
chr6	135818941	83573,83574,83575
chr6	135819594	83573,83574
chr6	136610963	83598
chr6	136610983	83598
chr6	136611203	83598
chr6	139695786	83741,83742
chr10	27444216	9981,9983,9984
chr6	139695792	83741,83742
chr6	139696609	83742
chr6	143770944	83812
chr6	143771892	83811,83812
chr6	143771926	83811,83812
chr6	144066826	-1
chr6	144066846	-1
chr6	144067502	-1
chr6	144607010	83859,83860,83861
chr6	144607424	83859,83861
chr10	27444231	9981,9983,9984
chr6	144608001	83859
chr6	151815427	-1
chr6	154830886	-1
chr6	158958197	84371,84372
chr6	160391129	84486
chr7	2896635	-1
chr7	2897248	-1
chr7	2897275	-1
chr7	5463737	85253,85254
chr7	5464360	85253,85254
chr10	30637871	10087
chr7	5464721	85253,85254
chr7	5465508	85255
chr7	5468577	85256,85258
chr7	5469267	85256,85258
chr7	5568495	85268,85269,85270
chr7	5569432	85269,85270
chr7	5570166	85269,85270,85271
chr7	5570176	85270,85271
chr7	5571158	85271
chr7	7679687	85416,85418
chr10	30637873	10087
chr7	7680163	85416,85417,85418
chr7	7680178	85416,85417,85418
chr7	7681101	85416,85417
chr7	21467021	85518,85519,85520
chr7	21467033	85518,85519,85520
chr7	21467598	85519,85520
chr7	24796336	-1
chr7	25989805	85630
chr7	25990154	85630
chr7	25990779	85630
chr1	10270559	772,773
chr10	30638080	10087,10088
chr7	26415947	-1
chr7	26415960	-1
chr7	26416799	-1
chr7	30174320	85796
chr7	30174330	85796
chr7	30174774	85797
chr7	32931260	85879,85880
chr7	45931718	86275,86276,86277
chr7	45932641	86276,86277
chr7	55322819	-1
chr10	35104896	10224
chr7	55323364	-1
chr7	55323738	-1
chr7	65670056	86491,86492
chr7	65670066	86491,86492
chr7	65670257	86491,86492
chr7	75947443	86776
chr7	75947446	86776
chr7	75948143	-1
chr7	76874855	-1
chr7	79763922	86862
chr10	35105853	10224
chr7	79764359	86862
chr7	89975175	86936
chr7	89975978	86936
chr7	89975996	86936
chr7	92463311	87026,87027
chr7	96634795	87130,87131
chr7	96634815	87130,87131
chr7	96635600	87130,87131
chr7	98047779	-1
chr7	98048412	-1
chr10	35105869	10224
chr7	98048415	-1
chr7	98923475	87237,87238
chr7	98923522	87237,87238
chr7	98923913	87237
chr7	99425367	87331
chr7	99425369	87331
chr7	99425566	87331
chr7	99678718	87370,87371
chr7	99679456	87371,87372
chr7	99679477	87371,87372
chr10	43892800	10304,10306
chr7	100165480	-1
chr7	100183245	87477,87479
chr7	100183899	87477,87478,87479
chr7	100183969	87477,87478,87479
chr7	100472578	87540,87541
chr7	100472599	87540,87541
chr7	100473215	87540
chr7	101242461	-1
chr7	112063145	88023,88024
chr7	112063147	88023,88024
chr10	60027835	10502,10504,10505
chr7	112064067	-1
chr7	127224819	88205,88206
chr7	127225650	88205,88207,88208
chr7	127225670	88205,88207,88208
chr7	134143329	-1
chr7	134143941	88553
chr7	134143953	88553
chr7	138915010	88692,88694,88695
chr7	138915822	88692,88694,88695
chr7	138915891	88692,88694,88695
chr10	64893013	10614
chr7	139044485	88707,88708,88710,88711
chr7	139045244	88709,88710,88711
chr7	139045263	88709,88710,88711
chr7	140396463	88801,88802
chr7	140396473	88801,88802
chr7	140397243	88803
chr7	140624026	88810
chr7	140624834	88810,88811
chr7	140624837	88810,88811
chr7	143078048	88889,88890,88892
chr10	64893032	10614
chr7	143092858	-1
chr7	148639125	88945
chr7	148639729	88945
chr7	148639756	88945
chr7	148725035	-1
chr7	148725889	88951
chr7	148725920	88951
chr7	149743758	-1
chr7	149744049	-1
chr7	149744528	-1
chr10	64893685	-1
chr7	152372485	-1
chr7	152373296	89238
chr7	152373316	89238
chr7	155600873	89287
chr7	155601502	89287
chr7	155601774	89287,89288
chr7	156408374	-1
chr7	156409186	-1
chr8	9413329	89558
chr8	9413348	89558
chr10	70635045	-1
chr8	9413912	89559
chr8	12611658	89671,89672,89673,89675
chr8	12611661	89671,89672,89673,89675
chr8	12612429	89673,89675
chr8	19674834	89870
chr8	19675686	89871
chr8	19675695	89871
chr8	21912507	89926,89927,89928
chr8	21913399	89928,89929
chr8	21913411	89928,89929
chr1	1550688	-1
chr1	10271409	773
chr10	70635053	-1
chr8	21914052	89928,89929
chr8	23386282	90123
chr8	23386296	90123
chr8	23387244	90124
chr8	26434508	90203,90204
chr8	26434796	90203,90204
chr8	26435358	90204
chr8	29939962	90360
chr8	29940608	90361
chr8	29940630	90361
chr10	70635644	-1
chr8	30013183	90370
chr8	30013561	90370
chr8	30014004	90369,90370
chr8	37552675	90428,90430
chr8	38089051	90488,90489
chr8	38126097	90498
chr8	38126118	90498
chr8	38126755	90498,90499
chr8	38126792	90499
chr8	66754349	90943
chr10	70748438	10740
chr8	66754352	90943
chr8	66754836	90943
chr8	74206922	91041,91042,91043,91044
chr8	74790516	-1
chr8	74791193	91058
chr8	74791306	91058
chr8	82644701	91150,91151
chr8	95917761	-1
chr8	95918695	-1
chr8	95918711	-1
chr10	70748459	10740
chr8	98787951	91368
chr8	98787969	91368
chr8	98788763	91369
chr8	101964331	91486,91487
chr8	101964340	91486,91487
chr8	101965208	91487
chr8	103666266	91549,91550,91552
chr8	103666287	91549,91550,91551,91552
chr8	103666863	91550,91551,91554
chr8	103818842	91555,91556,91558
chr10	70749167	-1
chr8	103819823	91555,91557,91558
chr8	103820809	91557,91558
chr8	110660062	-1
chr8	110661028	91655
chr8	110661039	91655
chr8	126010597	91891
chr8	126010604	91891
chr8	126011183	-1
chr8	135843730	92072
chr8	135844643	92073
chr10	70884387	-1
chr8	135844654	92073
chr8	141058490	-1
chr8	142138256	92170
chr8	142139135	-1
chr8	144911052	92396
chr8	144911503	92395,92396
chr8	144911630	92395,92396
chr8	145634352	-1
chr8	145634775	-1
chr8	145634795	-1
chr10	71905845	10803,10804
chr9	4792710	92747
chr9	4792714	92747
chr9	4793436	-1
chr9	5832444	92789,92790
chr9	5832460	92789,92790
chr9	5833036	92791
chr9	6757661	92830,92832
chr9	19049205	92915,92916,92917
chr9	19049217	92915,92916,92917
chr9	19050050	92915,92917
chr10	71906458	10803,10804,10806,10807
chr9	33263899	93073,93075
chr9	33264284	93073,93075
chr9	33264899	93074,93075
chr9	35072089	-1
chr9	35072769	93220
chr9	35072775	93220
chr9	36257951	93361
chr9	36258509	93360,93361
chr9	36258523	93360,93361
chr9	36400215	93369
chr10	71906486	10803,10804,10806,10807
chr9	36400702	93369,93370
chr9	36401045	93369,93370,93371
chr9	44878741	-1
chr9	71735991	93514,93515
chr9	71736607	93515
chr9	77703346	93647,93648
chr9	77703372	93647,93648
chr9	77704233	93647
chr9	77704237	93647
chr9	80911241	93684
chr10	71992394	-1
chr9	80911955	93684
chr9	80911968	93684
chr9	84302937	93701
chr9	84303877	93699,93701
chr9	93958869	-1
chr9	93959663	-1
chr9	93959747	-1
chr9	95896130	-1
chr9	98188579	-1
chr9	98188614	-1
chr1	10739891	-1
chr10	72164479	-1
chr9	98189294	94102
chr9	100881602	94244
chr9	100882459	94244
chr9	100882479	94244
chr9	102582473	94291,94292
chr9	102583254	94291,94292
chr9	102584101	94291,94292
chr9	102584124	94291,94292
chr9	112942239	-1
chr9	112942248	-1
chr10	74032770	10936,10937,10938,10939
chr9	112943068	-1
chr9	112943089	-1
chr9	116172422	94692,94693,94694,94696
chr9	116173088	94694,94695,94696
chr9	116173093	94694,94695,94696
chr9	130497041	95332,95333
chr9	130497759	95333,95334
chr9	130497764	95333,95334
chr9	130865553	95406
chr9	130921904	95416,95417,95418
chr10	74033552	10937,10938,10939
chr9	130922201	95417,95418
chr9	130922715	95417,95418
chr9	131037606	95457,95458,95460
chr9	131038349	95459,95460
chr9	131038405	95459,95460
chr9	131314912	95514,95515,95516
chr9	132320667	-1
chr9	132805338	95732,95733
chr9	132805779	95732,95733
chr9	132805813	95732,95733
chr10	74033572	10937,10938,10939
chr9	135820003	95974,95975
chr9	135820021	95974,95975
chr9	135820973	95974,95975,95976
chr9	136343651	96064
chr9	136344256	96063,96064,96065
chr9	136344270	96063,96064,96065
chr9	136844751	-1
chr9	138392394	96177,96178,96179,96181,96182
chr9	139010712	96219,96220,96221,96222
chr9	139949638	96415
chr10	74069270	-1
chr9	139981330	96427,96428,96430
chr9	139981391	96427,96428,96430
chr9	139982148	96427,96429,96430,96431
chrX	15287239	-1
chrX	15287803	-1
chrX	15287820	-1
chrX	15288596	96714
chrX	15353795	96716
chrX	15353818	96716
chrX	15354300	96716
chr10	74079898	-1
chrX	15872418	96726,96727
chrX	15873095	96728
chrX	15873110	96728
chrX	19002532	96770
chrX	39614343	-1
chrX	39614357	-1
chrX	39615081	-1
chrX	39942026	-1
chrX	39942045	-1
chrX	39942700	-1
chr10	77162188	11162,11164,11166,11167,11168,11169
chrX	41192831	96893,96894,96895,96897
chrX	41192844	96894,96895,96897
chrX	41193406	96894,96895,96897
chrX	48754495	97044,97045,97047,97049
chrX	48755140	97044,97046,97047,97049
chrX	48755148	97044,97046,97047,97049
chrX	100352407	97370
chrX	100352982	97370,97371
chrX	100353054	97370,97371
chrX	106449231	97441,97442
chr10	81838514	11320,11321,11322
chrX	106449724	97440,97441,97442
chrX	106449726	97440,97441,97442
chrX	128657312	97559
chrX	128657820	97559
chrX	128976916	97565
chrX	128977399	97565,97566
chrX	128977847	97565,97566,97567
chrX	153770380	97854
chr10	81839157	11321,11322
chr10	81839196	11321
chr1	10739908	-1
chr10	88854576	11453,11455,11456,11457
chr10	89621416	11478,11480
chr10	89622117	11478,11480
chr10	89622138	11478,11480
chr10	90146154	-1
chr10	90147073	-1
chr10	90147088	-1
chr10	95360127	11656,11657
chr10	95361049	11657,11658
chr10	95361069	11657,11658
chr1	10740753	-1
chr10	95361990	11657,11658,11659
chr10	96162893	-1
chr10	97515392	11762,11763
chr10	97515398	11762,11763
chr10	97516361	-1
chr10	99078979	11867,11868
chr10	99078999	11867,11868
chr10	99079947	11868
chr10	99160326	-1
chr10	99161179	11877
chr1	12679205	990,991,993
chr10	99161184	11877
chr10	100028834	11954
chr10	100029486	11954
chr10	101189971	11981
chr10	101190493	11980,11981
chr10	101190499	11980,11981
chr10	101419089	11993,11994,11995
chr10	101419222	11993,11994,11995
chr10	101419671	11993,11995
chr10	101860659	-1
chr1	14075389	996
chr10	101861447	-1
chr10	101861469	-1
chr10	103348063	12149,12150,12151
chr10	103348908	12149,12150
chr10	103348918	12149,12150
chr10	105419774	12405
chr10	105420362	12405
chr10	105420373	12405
chr10	105420894	12405
chr10	105421592	12406
chr1	14075799	996
chr10	105880799	12423,12424,12425
chr10	105881670	12424,12425
chr10	105881702	12424,12425
chr10	111971067	-1
chr10	111971073	-1
chr10	111972067	-1
chr10	112327361	12483
chr10	112328063	-1
chr10	112328067	-1
chr10	112630750	12502,12504,12506
chr1	14076332	-1
chr10	112631612	12502,12503,12504,12506,12507
chr10	112631627	12502,12503,12504,12506,12507
chr10	114498733	-1
chr10	114499581	-1
chr10	114499600	-1
chr10	114658475	-1
chr10	114658491	-1
chr10	114659446	-1
chr10	119135021	12730,12731,12732,12733
chr10	119135032	12730,12731,12732,12733
chr1	15354218	-1
chr10	119136014	12730,12731,12733
chr10	119136031	12730,12731,12733
chr10	120426546	-1
chr10	120427446	-1
chr10	120427462	-1
chr10	120966019	12793,12794
chr10	120966618	12793,12794
chr10	120966973	12794
chr10	123734055	12875
chr10	123734380	12875,12876
chr1	15354778	-1
chr10	123734720	12875,12876,12877
chr10	126432735	12997,12998,12999
chr10	126433429	12997,12999
chr10	126433439	12997,12999
chr10	133795009	13106
chr10	133795402	13105,13106
chr10	133795835	13105,13106
chr11	236868	13196,13198,13199
chr11	776650	13328
chr11	776992	13326,13328
chr1	1550698	-1
chr1	15354781	-1
chr11	777414	13326,13327,13328
chr11	2009564	-1
chr11	2421561	13573,13574
chr11	2421579	13573,13574
chr11	2422106	13572,13573,13574
chr11	2690461	-1
chr11	2691039	-1
chr11	2691059	-1
chr11	2720392	-1
chr11	2721253	13586
chr1	15480637	1027,1029
chr11	2721272	13586
chr11	3818239	13670
chr11	3819041	13669,13670
chr11	3819057	13669,13670
chr11	6640709	13784,13785,13786
chr11	6640728	13784,13785,13786
chr11	6641603	13785,13786
chr11	7535194	13800,13801
chr11	8709743	13851
chr11	8710521	-1
chr1	16175931	1114
chr11	8710576	-1
chr11	9590542	-1
chr11	9590546	-1
chr11	9591023	-1
chr11	33061391	14446
chr11	33757901	14500
chr11	33758335	14500
chr11	34379616	14551,14552,14553
chr11	45939569	14767,14768
chr11	45939591	14767,14768
chr1	16175957	1114
chr11	45940422	14768,14769
chr11	47429990	14959,14960
chr11	47430003	14959,14960
chr11	47430706	14959
chr11	61062191	-1
chr11	61129367	15268,15269,15270
chr11	61129869	15269,15270,15271
chr11	61129878	15269,15270,15271
chr11	61376905	-1
chr11	61376924	-1
chr1	16176506	1114
chr11	61377692	-1
chr11	61582839	15353,15355,15357
chr11	61582863	15353,15355,15357
chr11	61583752	15353,15354,15355,15357
chr11	61584461	15353,15354,15356,15357
chr11	61584481	15353,15354,15356,15357
chr11	61730082	15381
chr11	62323124	-1
chr11	62323774	-1
chr11	62323777	-1
chr1	16481397	1160
chr11	63534491	15586,15587,15588
chr11	63534497	15586,15587,15588
chr11	63535006	15587,15588
chr11	63753781	15618
chr11	64880116	15842,15844,15845
chr11	64902083	15859,15860
chr11	64902609	15859,15860
chr11	64902628	15859,15860
chr11	65197344	15908,15909
chr11	65198184	15909
chr1	16481772	1160
chr11	65212705	15920
chr11	65213066	15920
chr11	65213417	-1
chr11	65244225	-1
chr11	65245030	15922
chr11	65245066	15922
chr11	65265891	15923,15927
chr11	65658803	-1
chr11	66445431	16223
chr11	66445460	16223
chr1	16482126	-1
chr11	66446160	16223
chr11	66675791	16255
chr11	66675811	16255
chr11	66676374	16255
chr11	68038733	-1
chr11	68039472	16440
chr11	68039478	16440
chr11	68065749	16441
chr11	71639181	16613
chr11	71640017	16612,16613
chr1	16482609	1161
chr11	71640127	16612,16613
chr11	72525144	16714
chr11	72525763	-1
chr11	72526126	-1
chr11	73042022	-1
chr11	73042528	-1
chr11	73042539	-1
chr11	74459873	16852,16853
chr11	74459879	16852,16853
chr11	74460440	16853
chr1	16482624	1161
chr11	75061191	-1
chr11	75478933	16948,16950
chr11	75479215	16948,16950
chr11	75479719	16948,16949,16950
chr11	75494202	16951
chr11	86454399	-1
chr11	86454958	-1
chr11	86454963	-1
chr11	86749047	17235,17236,17237
chr11	86749445	17235,17237
chr1	1551472	-1
chr1	16563064	-1
chr11	86749462	17235,17237
chr11	95522967	17342,17343,17345,17346
chr11	95523566	17342,17344,17345,17346
chr11	95523576	17342,17344,17345,17346
chr11	95524179	17342,17344,17346
chr11	109963894	-1
chr11	114310130	17669
chr11	114310704	-1
chr11	114311124	-1
chr11	116706597	17708,17709
chr1	16563066	-1
chr11	117102824	17777,17778,17779,17781
chr11	117102831	17777,17778,17779,17781
chr11	117103033	17777,17778,17779,17781,17782
chr11	118782135	17983,17985
chr11	118782937	17985
chr11	118783196	17985
chr11	118788473	-1
chr11	118900222	18004,18005
chr11	118900983	18004,18005,18006
chr11	119039537	18065
chr1	16563702	1165
chr11	129872779	18448,18450,18451
chr11	129872834	18448,18450,18451
chr11	129873080	18448,18450,18451
chr12	1099672	18629,18631
chr12	1100024	18629,18630,18631
chr12	1100548	18629,18630,18631
chr12	1800106	18657
chr12	1800113	18657
chr12	1800565	-1
chr12	4108423	-1
chr1	16694319	-1
chr12	4108854	-1
chr12	4108895	-1
chr12	6444637	18816,18817,18818
chr12	6444995	18817,18818
chr12	6445557	18818
chr12	6602415	18850,18851,18852,18854
chr12	6603156	18850,18851,18853,18854
chr12	6603166	18850,18851,18853,18854
chr12	6642630	18865,18866
chr12	6643476	18865,18866
chr1	16940120	1203
chr12	6643496	18865,18866
chr12	6772553	18916,18917
chr12	6772571	18916,18917
chr12	6773486	18917
chr12	6861387	18935
chr12	6862283	18935,18936
chr12	6862303	18935,18936
chr12	6960539	18973,18975
chr12	6961200	18973,18974,18975
chr12	6961229	18973,18974,18975
chr1	16971273	1210,1211,1212,1214,1215
chr12	9217543	19137,19138,19139
chr12	9287841	-1
chr12	9288743	-1
chr12	9288746	-1
chr12	12764793	19287
chr12	12765578	-1
chr12	12765599	-1
chr12	14570809	19344,19345
chr12	14570826	19344,19345
chr12	14571651	19345
chr1	16971296	1210,1211,1212,1214,1215
chr12	39299583	19675,19676
chr12	39299907	19675
chr12	39300329	19675
chr12	46776862	19804
chr12	49075305	19897,19898
chr12	49075629	19898
chr12	49076092	19898,19899
chr12	49524190	19991,19992,19993,19995,19997
chr12	49524199	19991,19992,19993,19995,19997
chr12	49525115	19992,19993,19994,19996,19997
chr1	16971929	1211,1213,1214,1215
chr12	50504907	20125,20126
chr12	50505576	20125,20126
chr12	50505599	20125,20126
chr12	53289976	20345
chr12	53298244	20350
chr12	53298902	20350,20351
chr12	53298927	20350,20351
chr12	53845773	20461
chr12	53845844	20461
chr12	53846336	-1
chr1	16971948	1211,1213,1214,1215,1216
chr12	56521720	20694
chr12	56521724	20694
chr12	56522535	-1
chr12	56862258	20791
chr12	56862274	20791
chr12	56863140	-1
chr12	57608871	20933
chr12	57609659	20933
chr12	57609661	20933
chr12	57824040	20954
chr1	19226969	-1
chr12	57824445	20954
chr12	57824854	20953,20954
chr12	57824878	20953,20954
chr12	68041766	21247
chr12	68041788	21247
chr12	68042604	21247
chr12	89745527	21531,21534,21536,21537,21538
chr12	89746338	21531,21534,21535,21536,21537,21538,21540
chr12	89746340	21531,21534,21535,21536,21537,21538,21540
chr12	95466806	-1
chr1	1874552	247,248
chr1	19226990	-1
chr12	95467382	21644
chr12	95467401	21644
chr12	96793043	21699
chr12	96793460	21699
chr12	96793986	21699
chr12	98987366	21716,21717
chr12	98987379	21716,21717
chr12	98988124	21718
chr12	107168264	21963,21964
chr12	107168271	21963,21964
chr1	19227873	-1
chr12	107168788	-1
chr12	108955356	22019,22020,22021,22023
chr12	108956285	22019,22020,22022,22023,22024
chr12	108956309	22019,22020,22022,22023,22024
chr12	109124905	22041
chr12	109250585	22054
chr12	110011015	22118,22119
chr12	110011038	22118,22119
chr12	110011473	22117,22118,22119
chr12	115526597	-1
chr1	19811621	1392
chr12	115527174	-1
chr12	115527208	-1
chr12	117257414	22441
chr12	117257431	22441
chr12	117258270	22441
chr12	118573824	22483,22484
chr12	118573836	22483,22484
chr12	118574574	22483,22485
chr12	121124258	22619,22620
chr12	121124273	22619,22620
chr1	21113351	1487
chr12	121124817	22619,22620,22621
chr12	121837814	22700,22701
chr12	121837832	22700,22701
chr12	121838797	22700
chr12	122230191	-1
chr12	122230209	-1
chr12	122231103	22747,22751
chr12	123753778	-1
chr12	123754735	22909
chr12	123754739	22909
chr1	21113434	1487
chr12	132568861	23165
chr13	20694828	-1
chr13	20694837	-1
chr13	20695599	-1
chr13	28194311	23470,23472,23473
chr13	28194760	23469,23470,23472,23473
chr13	28194786	23469,23470,23472,23473
chr13	44978592	23817
chr13	44979195	23817
chr13	44979200	23817
chr1	21114192	1487,1488
chr13	45563645	23834,23835
chr13	45563664	23834,23835
chr13	45564090	23834
chr13	45914837	23842,23843,23844,23846
chr13	45915356	23843,23844,23845,23846
chr13	45915393	23843,23844,23845,23846
chr13	50698618	24033,24034,24035,24037,24038
chr13	50698620	24033,24034,24035,24037,24038
chr13	50699419	24034,24035,24037,24038
chr13	52585530	24109,24110,24111,24113
chr1	23885197	-1
chr13	52586374	24110,24112,24113
chr13	52586424	24110,24112,24113
chr13	53029510	24133,24134
chr13	53029516	24133,24134
chr13	53030130	24134
chr13	74861266	24203
chr13	74862152	24203
chr13	74862161	24203
chr13	76055724	24212
chr13	76056135	24212,24213
chr1	24127087	1717,1718,1719
chr13	76056670	24212,24213
chr13	98918672	-1
chr13	98919548	-1
chr13	98919566	-1
chr13	111358832	24665,24666
chr13	111367125	24670,24672,24673,24674,24675
chr13	111367836	24670,24672,24674,24675
chr13	111367851	24670,24672,24674,24675
chr13	113343710	24748,24750
chr13	113776951	24805
chr1	24348604	-1
chr13	113776999	24805
chr13	113777906	-1
chr14	23025335	-1
chr14	23025353	-1
chr14	23026158	-1
chr14	23503883	25391
chr14	23504496	25391,25392
chr14	23504503	25391,25392
chr14	24025368	25499,25500,25501,25502
chr14	24025386	25499,25500,25501,25502
chr1	24349381	-1
chr14	24026204	25499,25500
chr14	24026224	25499,25500
chr14	24058401	-1
chr14	24058443	-1
chr14	24059334	-1
chr14	24101524	-1
chr14	24110783	25531
chr14	24111254	25531
chr14	24111261	25531
chr14	24112400	25531,25532
chr1	2066699	265
chr1	24349393	-1
chr14	24112422	25531,25532
chr14	24112815	25532,25533
chr14	24604912	25575,25576,25577
chr14	24604939	25575,25576,25577
chr14	24605419	25575,25576,25577
chr14	24740743	25640,25641,25643
chr14	24740771	25640,25641,25643
chr14	24741513	25641,25643
chr14	24768277	25647,25649,25650
chr14	24769020	25648,25649,25650
chr1	25494424	-1
chr14	24769035	25648,25649,25650
chr14	24776457	25654,25656,25657
chr14	24777299	25655,25656,25657
chr14	24777328	25655,25656,25657
chr14	25518929	-1
chr14	25519272	25719
chr14	25519513	25719
chr14	31494945	25790,25792
chr14	31495784	25791,25792
chr14	31495823	25791,25792
chr1	25756759	1811,1812
chr14	31677018	25817,25818
chr14	31699018	-1
chr14	31699030	-1
chr14	31699220	-1
chr14	31926643	25837
chr14	32670587	-1
chr14	32670605	-1
chr14	32671366	25866
chr14	34379981	-1
chr14	34380677	-1
chr1	25756766	1811,1812
chr14	34380692	-1
chr14	34801538	-1
chr14	34801544	-1
chr14	34802151	-1
chr14	35008893	25923,25924
chr14	35008913	25923,25924
chr14	35009658	25923,25924,25925
chr14	35451701	25956,25957,25958
chr14	35452144	25956,25958
chr14	35452184	25956,25958
chr1	25757424	1811,1812
chr14	35805046	-1
chr14	35805853	-1
chr14	35805941	-1
chr14	35811053	-1
chr14	35854203	-1
chr14	36538871	-1
chr14	36539824	-1
chr14	36539837	-1
chr14	55032777	26375,26376,26377,26379,26380
chr14	55369027	26397
chr1	26361957	1870
chr14	55369527	26398
chr14	55369570	26398
chr14	59655425	26518
chr14	59655877	-1
chr14	59656761	-1
chr14	59656781	-1
chr14	60714841	26557,26558
chr14	60714860	26557,26558
chr14	60715735	26558
chr14	60715753	26558
chr1	26361970	1870
chr14	60716237	-1
chr14	67826532	26777,26779
chr14	67826540	26777,26779
chr14	67827432	26777,26778
chr14	70193850	-1
chr14	70194780	-1
chr14	70194798	-1
chr14	71786943	27006,27007,27008
chr14	71786957	27006,27007,27008
chr14	71787606	27007,27008
chr1	26362658	1870
chr14	77422179	-1
chr14	77423113	-1
chr14	77423118	-1
chr14	77490055	-1
chr14	77490668	-1
chr14	77490695	-1
chr14	77964918	-1
chr14	95065688	27778
chr14	95065727	27778
chr14	95066321	27778
chr1	26438207	1878
chr14	99947445	27920,27921
chr14	99947457	27920,27921
chr14	99947705	27920,27921
chr14	103800491	28257,28258,28259,28261
chr14	103800497	28257,28258,28259,28261
chr14	103801466	28258,28260,28261,28262
chr14	104181931	28340,28341
chr14	105947399	-1
chr14	105948364	-1
chr14	105948390	-1
chr1	26438751	-1
chr15	37393426	28759,28761
chr15	39872975	28780,28781,28782
chr15	39873285	28780,28781,28782
chr15	40401204	28830
chr15	40401219	28830
chr15	40401836	28830
chr15	40630780	28852
chr15	40631348	28852,28853
chr15	40632185	28852,28853
chr15	40635111	28855
chr1	2139305	285
chr1	26438768	-1
chr15	40635924	-1
chr15	40635928	-1
chr15	40636906	-1
chr15	41055461	28912
chr15	41056230	28912
chr15	41056237	28912
chr15	42840275	29117
chr15	42840288	29117
chr15	42840983	29116,29117
chr15	42841004	29116,29117
chr1	26856219	1928
chr15	43212221	-1
chr15	43213099	29140
chr15	43213117	29140
chr15	51915076	29492
chr15	51915685	29492
chr15	51915999	29492
chr15	56536682	29639,29640,29642
chr15	56536692	29639,29640,29642
chr15	56537373	29640,29642,29643
chr15	57902718	-1
chr1	26856234	1928
chr15	57903495	-1
chr15	57903511	-1
chr15	59157790	-1
chr15	63795786	29919,29920
chr15	63796726	29919,29920
chr15	63796762	29919,29920
chr15	63891160	-1
chr15	63891859	29928
chr15	63892174	29928
chr15	63892995	29927,29928
chr1	26857038	-1
chr15	63893009	29927,29928
chr15	64238087	-1
chr15	64647916	29979
chr15	64648493	29979,29980
chr15	64648514	29979,29980
chr15	64752674	29987
chr15	64752691	29987
chr15	64753662	-1
chr15	64927026	-1
chr15	64927037	-1
chr1	27718274	2033
chr15	64927799	-1
chr15	66993231	30156
chr15	66993357	30156
chr15	66994086	30156,30157
chr15	70391064	30304,30305,30306
chr15	70391556	30304,30305,30306
chr15	70392056	30305,30306,30307
chr15	72523616	30371
chr15	72524480	30371,30372
chr15	72524500	30371,30372
chr1	27719043	2033
chr15	72766631	30395
chr15	72766664	30395
chr15	72767422	30396
chr15	73075503	-1
chr15	73076109	30419
chr15	73076112	30419
chr15	73088883	-1
chr15	73089389	-1
chr15	73089800	-1
chr15	75017831	30526,30527,30528
chr1	27719063	2033
chr15	75018246	30526,30528
chr15	75018621	30526
chr15	75229976	-1
chr15	75230543	30569
chr15	75230548	30569
chr15	75746458	-1
chr15	75746462	-1
chr15	75747032	-1
chr15	77363004	-1
chr15	77363511	30710
chr1	27853931	-1
chr15	77363532	30710
chr15	81132302	-1
chr15	81133219	-1
chr15	82555111	30952,30953
chr15	91475061	-1
chr15	91475075	-1
chr15	91475926	31326
chr15	93425734	31382,31383
chr15	93425748	31382,31383
chr15	93426588	31381,31383
chr1	28573021	-1
chr15	101817739	31582
chr15	101817744	31582
chr15	101818222	31582
chr16	729527	31787,31788
chr16	1140408	-1
chr16	1844446	31988
chr16	1845032	31988,31989
chr16	1845361	31988,31989
chr16	2948551	-1
chr16	2949155	-1
chr1	28573813	-1
chr16	2949170	-1
chr16	4303710	32385
chr16	4304084	32385
chr16	4304101	32385
chr16	4396028	-1
chr16	4421091	32409
chr16	4421692	32408,32409
chr16	4421734	32408,32409
chr16	4675405	-1
chr16	5085452	32514
chr1	2158460	288
chr1	28573849	-1
chr16	5085472	32514
chr16	5086310	-1
chr16	8768407	32567
chr16	8768415	32567
chr16	8769006	-1
chr16	8978559	-1
chr16	8979471	-1
chr16	10711737	-1
chr16	11350806	32711,32712
chr16	11351267	32711,32712
chr1	28879453	2138,2139
chr16	11351302	32711,32712
chr16	11450664	-1
chr16	11450723	-1
chr16	11451296	-1
chr16	11734536	-1
chr16	11734542	-1
chr16	11735258	-1
chr16	11836771	32742
chr16	11836806	32742
chr16	11837557	32742
chr1	28879465	2138,2139
chr16	19078912	33025
chr16	19078933	33025
chr16	19079152	33025
chr16	19896629	33104,33105
chr16	19897240	33104,33105,33106
chr16	19897761	33105,33106
chr16	19897779	33105,33106
chr16	19898426	33106
chr16	20911816	33155,33156,33157
chr16	20911838	33155,33156,33157
chr1	28880031	2139
chr16	20912406	33155,33157
chr16	21312066	33179
chr16	21312086	33179
chr16	21312745	33181
chr16	21312753	33181
chr16	21523995	-1
chr16	21524087	-1
chr16	21524831	-1
chr16	21610798	33185,33186
chr16	21610824	33185,33186
chr1	31296857	-1
chr16	21611458	33185
chr16	22217472	33226,33227
chr16	22217497	33226,33227
chr16	22218257	33227
chr16	23160034	-1
chr16	23160815	33268
chr16	23160833	33268
chr16	24550479	33360,33361
chr16	24550493	33360,33361
chr16	24550752	33360,33361
chr1	31297456	-1
chr16	27214823	33448
chr16	27214843	33448
chr16	27215035	-1
chr16	28620771	33543,33544
chr16	28621242	33543,33544,33545
chr16	28621693	33543,33544,33545
chr16	28835277	33548,33550,33551,33552
chr16	28835838	33548,33550,33551,33552,33553
chr16	28835855	33548,33550,33551,33552,33553
chr16	28985431	33594
chr1	31297471	-1
chr16	28986056	33594
chr16	28986116	33594
chr16	29827335	33638,33639,33640
chr16	29827443	33638,33639,33640
chr16	29827646	33638,33639,33640
chr16	29828238	33638,33640
chr16	30076932	33716,33717
chr16	30077071	33716,33717
chr16	30077802	33717
chr16	30077804	33717
chr1	32254277	-1
chr16	30103402	33731,33732
chr16	30406646	33777
chr16	30407138	-1
chr16	30407161	-1
chr16	30569579	33810
chr16	30570032	33810
chr16	30570098	33810
chr16	30933935	33898,33899,33901,33902
chr16	31044698	33930
chr16	31044714	33930
chr1	32254282	-1
chr16	31045677	33931
chr16	31128891	33955,33956
chr16	31128961	33955,33956
chr16	31129467	33956
chr16	31190479	33966
chr16	31191340	33966
chr16	31191358	33966
chr16	31192039	33967
chr16	33949584	-1
chr16	33950342	-1
chr1	32255018	-1
chr16	46917534	34088,34090
chr16	48643455	-1
chr16	48644186	34191
chr16	48644203	34191
chr16	50581457	34258,34260
chr16	50581513	34258,34260
chr16	50582139	34259,34260,34262
chr16	51186367	34299
chr16	53164805	34325
chr16	53164810	34325
