chr1	6265466	474,475
chr1	6266144	475
chr1	23885948	1688,1689
chr11	64052431	15675,15676,15677,15678,15679
chr11	64052683	15675,15677,15678,15679
chr11	64052997	15675,15677,15678,15679
chr11	67275574	16366
chr11	67275960	16366,16367
chr11	67276253	16366,16367
chr11	70963804	16578,16579
chr11	72525095	16714
chr11	76155947	16973,16974,16975
chr11	82904756	17142,17143,17144,17145,17146
chr1	28051953	2064
chr11	82905461	17142,17143,17145,17146
chr11	82905710	17142,17143,17146
chr11	118978107	18036,18037
chr11	122932479	18230,18231,18232,18234
chr11	122932798	18231,18232,18233,18234
chr11	122933418	18231,18232,18233,18234
chr11	134093835	18534,18536
chr11	134094058	18534,18536
chr11	134094397	18534,18535,18536
chr11	134094624	18534,18535,18536
chr1	28052514	2064
chr12	31478227	19594,19596
chr12	56320876	20635,20636
chr12	56321103	20635,20636
chr12	56321807	20635,20637
chr12	76478521	21434
chr12	95610915	21649
chr12	95611628	21648,21649
chr12	95611848	21648
chr12	99038077	21724
chr12	99038753	21723,21724
chr1	28052820	-1
chr12	99039000	21723,21724
chr12	104323470	21852,21854,21855
chr12	109124586	22041
chr12	110010993	22118,22119
chr12	110011315	22117,22118,22119
chr12	110011591	22117,22118,22119
chr12	112451248	22296,22297,22298
chr12	120632516	22548
chr12	120632789	22548
chr12	120633028	22548
chr1	36689754	2670,2671,2672
chr13	20208427	-1
chr13	21476319	-1
chr13	21476866	23333
chr13	21477075	23333,23334
chr13	28712633	23487,23488
chr13	38923691	23682
chr13	38924017	23682
chr13	38924219	23683
chr13	52586085	24110,24112,24113
chr13	100148377	24504
chr1	36690073	2670,2671,2672
chr13	100148962	24505
chr13	100149229	24505,24506
chr13	111364734	24667,24668,24669,24671
chr13	111364934	24667,24668,24669,24671
chr13	111365652	24667,24669,24671,24673
chr14	20810870	24921
chr14	20811580	24920,24921,24922
chr14	20811822	24920,24921,24922
chr14	20922842	24930,24931,24932
chr14	20923073	24930,24931,24932
chr1	36690314	2671,2672,2673
chr14	20923393	24930,24931,24932,24933
chr14	20937824	-1
chr14	21572247	25022,25023
chr14	21572520	25022,25023
chr14	21572795	25022,25023,25024
chr14	21944761	25091,25093
chr14	21945031	25091,25092,25093
chr14	21945311	25092,25093
chr14	23340528	25337,25338
chr14	23340834	25337,25338
chr1	42800202	3038
chr14	23341061	25337,25338
chr14	23755276	25430
chr14	23755629	25430
chr14	23755829	25430
chr14	23790411	25446
chr14	23791221	25447
chr14	24583382	25562,25563,25565
chr14	24583944	25563,25565
chr14	24584208	25563,25564,25565,25566
chr14	24610515	-1
chr1	42800428	3038
chr14	24610748	25580
chr14	24611089	25580
chr14	24911607	25702,25705
chr14	24911894	25704,25705
chr14	24912184	25704,25705
chr14	31495584	25791,25792
chr14	32546695	25848
chr14	35342773	25949
chr14	35343358	25948,25949
chr14	35343587	25948,25949
chr1	42801032	3037,3038
chr14	35450335	25957,25958
chr14	35450685	25957,25958
chr14	35450945	25957,25958
chr14	35873112	25981,25982,25983,25984
chr14	35873311	25982,25983,25984
chr14	35873977	25982,25983,25985
chr14	35874261	25983,25985
chr14	39901341	26112,26113,26115
chr14	58764613	26500
chr14	58764903	26499,26500
chr1	6266365	475
chr1	43232681	3060,3061,3062
chr14	58765163	26499,26500
chr14	58894474	26510,26512,26513,26514
chr14	75744962	27264,27265,27266
chr14	75745216	27264,27265,27266
chr14	75745556	27264,27265,27266,27267
chr14	89507208	-1
chr14	89507543	-1
chr14	89507784	-1
chr14	94918378	-1
chr14	103800359	28257,28258,28259,28261
chr1	46152172	3348,3350,3352
chr14	103800585	28257,28258,28259,28261
chr14	103800938	28258,28260,28261
chr14	104028998	28306,28308,28309,28310
chr15	41407900	28944,28945,28947
chr15	41408099	28944,28945,28947
chr15	41408860	28946,28947
chr15	45879894	-1
chr15	50646259	29407,29410,29412
chr15	50647109	29408,29409,29410,29412
chr15	59157862	-1
chr1	46153042	3348,3349,3350,3352
chr15	64386239	29958,29959
chr15	75660686	30611
chr15	75660995	30611,30613
chr15	75661290	30611,30613
chr15	75746689	-1
chr15	80351736	30873
chr15	80352077	30873
chr15	80352298	-1
chr16	1543442	31932
chr16	3661173	32328,32330
chr1	55353142	3816,3817
chr16	3661476	32329,32330
chr16	3661790	32329,32330
chr16	5007777	32505
chr16	5008017	32505
chr16	5008327	32505
chr16	14395769	-1
chr16	15736594	32921,32923
chr16	15736832	32921,32922,32923
chr16	15737175	32921,32922,32923
chr16	15737388	32921,32922
chr1	100817852	4690,4691
chr16	22385923	33242,33243
chr16	23607603	33318
chr16	31044685	33930
chr16	50775620	34280,34281
chr16	50776003	34280,34281
chr16	50776613	34281
chr16	56966062	34528
chr16	56966414	-1
chr16	56967017	-1
chr16	57220207	34564,34565
chr1	101360716	4701,4703,4705
chr16	67840458	35031,35032
chr16	67840672	35031,35032
chr16	67841029	35031,35032
chr16	67880861	35039
chr16	68118671	35096,35097,35099
chr16	68119351	35097,35098,35099
chr16	68119578	35098,35099
chr16	68269442	35111,35112,35114
chr16	71842683	35471
chr16	71843063	35471
chr1	109939869	4834
chr16	71843264	35471
chr16	75466938	35677,35679
chr16	75467155	35677,35679
chr16	75467875	35678,35679
chr16	75681726	35706,35707,35708,35710
chr16	81040442	35819,35820,35821
chr16	81041028	35819,35821
chr16	81041232	35819
chr16	85645955	36085
chr16	88923325	36316,36317
chr1	109940570	4834,4835
chr16	88923581	36316,36317
chr16	88924316	36316,36318
chr17	1618063	36706,36709
chr17	1618797	36706,36707,36709
chr17	2304423	36827
chr17	2305067	36827
chr17	2305337	36827
chr17	7476161	37412,37413,37414,37415,37416
chr17	7477027	37414,37415,37416,37417
chr17	7589425	37463,37465
chr1	109940778	4835
chr17	7589684	37462,37463,37465
chr17	7590052	37462,37463,37465,37466
chr17	7738645	-1
chr17	7739363	-1
chr17	7739578	-1
chr17	7740285	37479
chr17	7745513	-1
chr17	7746418	37481
chr17	7761353	37487,37489,37490,37491,37492
chr17	14203337	37715
chr1	109968677	4838
chr17	14204105	37715
chr17	14276723	37718
chr17	15902947	37747,37748,37749,37750
chr17	15903151	37748,37749,37750
chr17	15903768	37748,37750,37751
chr17	17494685	-1
chr17	17495008	37880
chr17	17495250	37880
chr17	27916818	38392,38393,38394,38395
chr17	27917142	38392,38393,38395
chr1	11713708	881,882,884
chr1	109969017	4838,4839
chr17	27917446	38392,38393,38395
chr17	33415531	-1
chr17	33416208	38640,38641
chr17	33416475	38640,38641
chr17	34900824	38713,38714,38716
chr17	34901416	38713,38715,38716
chr17	34901702	38713,38715
chr17	35850060	38766,38767
chr17	38497603	39116,39117,39118
chr17	38498278	39117,39118
chr1	109969355	4838,4839
chr17	38498516	39117,39118
chr17	40075197	39329
chr17	40688198	39453
chr17	40688436	39453,39454,39455
chr17	40688796	39454,39455
chr17	40829208	39502,39504
chr17	40830102	39504,39505
chr17	41622968	39628,39629
chr17	44269982	40031
chr17	45727321	40129,40130
chr1	113498147	5118
chr17	46125431	40201,40202,40203
chr17	46126172	40201,40203
chr17	46126395	40201,40204
chr17	47073734	40311,40312
chr17	47074569	40311,40312,40314
chr17	48943036	40577,40578,40580,40581
chr17	48982458	-1
chr17	48982780	-1
chr17	48983017	-1
chr17	49197062	-1
chr1	113498822	5117,5118
chr17	49197350	-1
chr17	49197592	40606
chr17	49198539	40606,40607
chr17	49243588	40615
chr17	49243830	40615,40616,40618
chr17	49244572	40616,40617,40618
chr17	49337315	40628,40629
chr17	55162401	40719,40720,40721
chr17	55162614	40719,40720,40721
chr17	55163270	40719,40721
chr1	113499041	5117,5118
chr17	56161177	40792
chr17	56161943	40792
chr17	56162146	40792
chr17	57232532	40892,40893
chr17	57970839	40965
chr17	58677027	41007,41008
chr17	58677343	41008
chr17	58677716	41008
chr17	61627532	41156
chr17	61627863	41156
chr1	149859440	5528,5530
chr17	61628525	-1
chr17	62502396	41300,41301,41302
chr17	62502945	41301,41302
chr17	62503144	41302
chr17	62503776	-1
chr17	66508078	41518,41519,41521
chr17	66508443	41519,41521
chr17	66508819	41520,41521
chr17	72426175	41714,41715
chr17	72426831	41714,41715,41716
chr1	153939808	5924,5926,5927,5928
chr17	72427035	41714,41715,41716
chr17	73030609	-1
chr17	73267169	41839,41840,41841,41842
chr17	73401168	-1
chr17	73401757	41855
chr17	73401973	41855
chr17	73851105	-1
chr17	73851307	41974
chr17	73851816	41974
chr17	73975180	42001,42002
chr1	153940015	5924,5925,5926,5927,5928
chr17	73975447	42001,42002
chr17	73975716	42001
chr17	74261287	42053,42054
chr17	74378430	42065,42066,42068,42070
chr17	74378631	42065,42066,42068,42070
chr17	74379253	42065,42067,42068,42070,42072
chr17	74722019	42136,42137,42139
chr17	74722590	42136,42138,42139
chr17	74722977	42136,42138,42139
chr17	74723286	42136,42138
chr1	153940363	5925,5926,5927,5928
chr17	74733379	42144,42147,42148,42150
chr17	74733587	42144,42147,42148,42150
chr17	74734242	42144,42147,42149,42150
chr17	77022767	-1
chr17	77023034	-1
chr17	77023727	42395
chr17	77812325	-1
chr17	77812574	42447
chr17	77813228	42447,42448
chr17	79009887	42588
chr1	155058313	6098
chr17	79650774	42720,42721,42722
chr17	79651052	42720,42721,42722
chr17	79651333	42720,42721
chr17	80060083	-1
chr17	80188911	42879
chr17	80415992	42935,42936
chr17	80416671	42936
chr17	80416941	-1
chr18	3449411	43127,43128,43130
chr18	3450238	43127,43129,43130,43131
chr1	11865601	909,911,912
chr1	156737486	6442,6443
chr18	29523126	43600,43601,43602
chr18	29523374	43600,43601,43602
chr18	29523719	43600,43601
chr18	59853992	44048,44049
chr18	59854197	44047,44048,44049
chr18	59854537	44047,44048,44049
chr18	74207536	44203,44204,44205
chr18	74207879	44203,44204
chr18	74208230	44203,44204,44206
chr18	77439171	44260,44262,44263
chr1	167904290	6872,6873
chr18	77439837	44260,44261,44262,44263
chr18	77440056	44260,44261,44263
chr19	1261187	44520,44521
chr19	1262178	-1
chr19	2785250	44810,44811
chr19	2785519	44811
chr19	2785853	-1
chr19	7983983	45441,45442,45443
chr19	7984697	45441,45442,45443
chr19	7984898	45441,45442,45443
chr1	167904506	6872,6873
chr19	11545985	45897,45898,45899,45900
chr19	11546268	45897,45898,45899,45900
chr19	11546532	45897,45898,45899,45900
chr19	12405616	45979
chr19	13957464	-1
chr19	13957663	-1
chr19	13958199	-1
chr19	36544922	47387
chr19	36545125	47385,47387
chr19	36545812	47385,47386,47387
chr1	167905231	6871,6872,6873
chr19	40950182	47777,47778,47779
chr19	46010777	48336,48337
chr19	47730473	48551
chr19	47731212	48551
chr19	49496562	48812,48814,48815
chr19	49496872	48812,48814,48815
chr19	49497167	48812,48813,48814,48815
chr19	54694191	49387,49388,49389,49390,49391,49392
chr19	54694847	49388,49391,49392
chr19	54695121	49388,49391,49392,49393
chr1	173793497	7037,7038,7039
chr19	56632859	49621
chr19	56825883	49632
chr19	56826113	49631,49632
chr19	56826703	49631,49632
chr19	59030508	-1
chr19	59031304	49870
chr19	59031505	49870
chr2	8767386	-1
chr2	8767693	-1
chr2	8767993	-1
chr1	173793789	7037,7038,7039
chr2	10443036	50194,50195
chr2	10443987	50195
chr2	10588179	50213,50215,50216
chr2	10588519	50213,50214,50215,50216
chr2	10588861	50213,50214,50215,50216
chr2	11483059	50271
chr2	11483264	50271
chr2	11483948	50271
chr2	17721122	50385,50387
chr2	17721702	50386,50387
chr1	173794053	7037,7038,7040
chr2	20251369	50455
chr2	20550852	50485,50486
chr2	20551054	50485,50486,50487
chr2	20551424	50485,50486,50487,50488
chr2	21266016	50548
chr2	24163244	50588
chr2	24163474	50588
chr2	24163811	-1
chr2	26101356	50739
chr2	26568683	50783,50784
chr1	173990840	7061
chr2	26569038	50783,50784
chr2	26569624	50783,50785
chr2	27274572	50844,50845,50846
chr2	32288784	51152
chr2	32288990	-1
chr2	32289590	-1
chr2	36583253	51245,51246
chr2	36584035	51245,51246
chr2	36584261	51246
chr2	36584952	-1
chr1	173991060	7061
chr2	37194056	51286
chr2	38830049	51387,51388,51389
chr2	38830369	51387,51388,51389
chr2	38830689	51387,51388,51389
chr2	38893282	51390
chr2	38893557	-1
chr2	38893831	-1
chr2	39663393	51443,51445
chr2	39663675	51443,51445
chr2	39664356	51444,51445
chr1	173991670	7062
chr2	39664607	51444,51445
chr2	39665239	51444,51446
chr2	43454265	51574,51575,51576
chr2	44396066	51632
chr2	44588958	51665,51666,51667
chr2	46524294	51713,51715
chr2	46524587	51713,51714,51715
chr2	46524919	51714,51715,51717
chr2	47168311	51787
chr2	47168647	-1
chr1	11865908	909,910,911,912
chr1	183440288	7331,7334
chr2	47168925	51788
chr2	48542648	51865
chr2	48542864	51865
chr2	48543170	51865
chr2	53994656	51916,51917,51918
chr2	53995012	51917,51918
chr2	53995234	51917
chr2	54197526	51951
chr2	54198089	51950,51951
chr2	54198322	51950,51951
chr1	183440898	7332,7334
chr2	61244564	52169,52170,52171,52173
chr2	61697594	-1
chr2	61697844	52232
chr2	61698516	52232,52233
chr2	62424136	52281
chr2	63815584	52322,52323,52324
chr2	63815800	52322,52323,52324
chr2	63816104	52322,52324
chr2	64067915	52331,52332,52333,52335
chr2	64068175	52331,52332,52333,52335
chr1	183441161	7332,7334
chr2	64068769	52331,52333,52335
chr2	64069034	52331,52333,52335
chr2	64751241	52389,52390
chr2	64751578	52389,52390
chr2	64751828	52389
chr2	65357245	52441,52442
chr2	65357531	52441,52442
chr2	65357864	52441,52442
chr2	65663006	52470,52471
chr2	69969177	52591
chr1	185126051	7392,7393,7395
chr2	70141436	52607
chr2	70141683	52607
chr2	70142223	52607
chr2	70528573	-1
chr2	70528898	-1
chr2	70529121	52665
chr2	73460372	52821,52822
chr2	73460617	52821,52822
chr2	73461370	52821,52822
chr2	85829212	53230,53232
chr1	185126383	7392,7393,7394,7395
chr2	85829829	53231,53232
chr2	85830043	53231,53232
chr2	86332666	53286
chr2	86333018	53284,53286
chr2	86333366	53284,53285,53286
chr2	99770950	53735,53737
chr2	99771209	53735,53736,53737
chr2	99771563	53735,53736,53737
chr2	99952961	53752,53753
chr2	113299486	54192,54194
chr1	185126649	7392,7394,7395
chr2	113300055	54193,54194
chr2	113300256	54193
chr2	113403200	54210,54211,54213,54214
chr2	113403532	54210,54211,54213,54214,54215
chr2	114647985	54308
chr2	114648364	54308
chr2	114648588	54308
chr2	120124367	54386,54387,54388,54389
chr2	120124582	54386,54387,54388,54389
chr2	120125150	54386,54388,54389
chr1	204346607	-1
chr2	128458275	54603,54604,54605,54607
chr2	128458934	54604,54605,54607
chr2	128459134	54604,54605,54607
chr2	131099832	54701,54702,54703,54705
chr2	131100468	54702,54704,54705
chr2	131100703	54702,54704
chr2	135675827	54832,54834
chr2	135676386	54833,54834
chr2	135676701	54833
chr2	148601772	55022
chr1	204346817	-1
chr2	148602097	55021,55022
chr2	148602391	55021,55022
chr2	150443849	55071,55072
chr2	150444148	55071,55073
chr2	150444443	55071,55073
chr2	153032041	55157
chr2	153032267	55158
chr2	153032564	55158
chr2	159313944	55280,55282,55283,55285
chr2	161349622	55395
chr1	204347482	7886
chr2	165697831	-1
chr2	169312772	55605
chr2	169312972	55605
chr2	169313526	-1
chr2	170573237	-1
chr2	171571867	55721,55722,55724
chr2	171786385	55746,55748
chr2	172778756	55815
chr2	172779022	55815
chr2	172779277	-1
chr1	212208490	8248
chr2	173293063	55836
chr2	187350733	56372,56373
chr2	187351043	56372,56373
chr2	187351312	56372
chr2	198317913	56704
chr2	198318170	56704
chr2	198318516	56705
chr2	198318724	56705
chr2	198364582	56715,56716,56717,56718,56719
chr2	198364894	56715,56716,56717,56718,56719
chr1	11866207	909,910,911,912
chr1	212208800	8247,8248
chr2	198365131	56715,56716,56717,56718,56719
chr2	203241354	56977,56979,56980
chr2	206950062	57128,57129,57130
chr2	208489407	-1
chr2	208490068	57199,57200
chr2	208490270	57199,57200
chr2	219432935	57636,57637
chr2	219433639	57636,57637
chr2	219433846	57636
chr2	220093964	57742,57744,57745,57746
chr1	212209111	8247,8248
chr2	220094271	57742,57743,57744,57745,57746
chr2	220094576	57742,57743,57744,57745,57746
chr2	232645803	58274,58275
chr2	232646126	58274,58275
chr2	232646373	58274,58275
chr2	239197417	58614
chr2	241499866	58711,58712
chr2	241525769	58722,58723,58725
chr2	241526516	58722,58724
chr2	241526745	58722,58724
chr1	229761394	8805,8807
chr20	389035	59009,59010,59011
chr20	1447092	-1
chr20	1447475	59089
chr20	1447676	59089
chr20	1448444	59089,59090
chr20	2082609	59124,59126
chr20	2083565	59125,59126,59127
chr20	2450885	-1
chr20	2451473	59149
chr20	2451678	59149
chr1	229761997	8806,8807
chr20	2633656	59163,59165,59166,59167
chr20	5100032	59442,59444
chr20	5100242	59444
chr20	5100593	59443,59444
chr20	5100822	59443,59444
chr20	10652267	59652,59653
chr20	17550639	59763,59764
chr20	17949704	59793,59794,59795,59796,59797,59798
chr20	18488043	59838
chr20	18488287	59838
chr1	229762197	8806
chr20	18488623	59838
chr20	22558102	-1
chr20	22558479	-1
chr20	22558711	-1
chr20	22565779	59969
chr20	24973523	60059
chr20	25371189	60120
chr20	25371464	60120,60121
chr20	25371721	60121
chr20	25603804	60136
chr1	231114571	8863,8864,8865
chr20	25604508	60135,60136
chr20	25604781	60135,60136
chr20	26189484	60158
chr20	30307773	-1
chr20	30307973	-1
chr20	30308756	-1
chr20	30946138	60280,60281,60283
chr20	32581735	60413,60414,60415
chr20	34205710	60608
chr20	34206582	60609
chr1	236029721	-1
chr20	34330257	60640
chr20	35807340	60770
chr20	40246455	-1
chr20	40246757	61027
chr20	40247047	61027,61028
chr20	48532376	61637
chr20	48769906	-1
chr20	48770219	61664
chr20	48770497	61664
chr20	48808328	61670,61671,61672,61673
chr1	236029937	-1
chr20	49347338	61693
chr20	49347567	61693
chr20	49348142	61693
chr20	60813872	62099
chr20	61584713	62221
chr20	61846899	62252,62254
chr20	62371673	62391,62393,62394,62395
chr20	62579989	-1
chr20	62580265	-1
chr20	62580624	-1
chr1	236030565	9030
chr20	62587983	62448,62449
chr20	62600521	62454,62455
chr20	62600731	62454,62455
chr20	62601309	62456
chr21	34914373	62753,62754,62756
chr21	34914584	62753,62754,62756
chr21	34915137	62753,62755,62756
chr21	44528536	63239
chr21	47743748	63593,63594,63596
chr21	47744329	63593,63595,63596
chr10	5726776	9469
chr21	47744638	63593,63595,63596
chr22	21996572	64013
chr22	24950379	64274,64277
chr22	24951066	64273,64274,64277
chr22	24951297	64273,64274,64277
chr22	24951971	64273,64275,64276,64277
chr22	25507046	64302
chr22	25507537	64302
chr22	25507840	-1
chr22	36748315	64927
chr1	12677055	989,992
chr10	14920285	9723
chr22	37965623	-1
chr22	37966261	65038
chr22	37966534	65037,65038
chr22	41843728	65479,65480
chr22	45559062	65762,65763
chr22	45559637	65761,65762,65763
chr22	45559838	65761,65762,65763
chr3	9438153	66276,66279
chr3	9438353	66276,66279
chr3	9439094	66276,66277,66278,66279
chr10	14920548	9722,9723
chr3	9834137	66325,66326,66327,66328
chr3	9834440	66325,66326,66328
chr3	9834791	66325,66326,66328
chr3	14166131	66587,66588
chr3	19988605	66767,66768
chr3	39424836	67204,67206
chr3	39425056	67204,67206
chr3	39425744	67205,67206
chr3	48594748	67724
chr3	57583049	68501,68502
chr10	14920858	9722,9723
chr3	57583413	68501,68502
chr3	57583612	68501,68502
chr3	88107794	68943,68944,68946
chr3	88108458	68943,68944,68945,68946
chr3	88108674	68944,68945
chr3	93698753	68955
chr3	93699020	68955
chr3	93699324	-1
chr3	101395310	69083,69084
chr3	113465033	69248,69249,69250
chr10	21785721	-1
chr3	125898771	69673,69674
chr3	152878408	70565
chr3	152878991	70565,70566
chr3	152879269	70565,70566
chr3	183354155	-1
chr3	196594587	71606
chr3	196594799	71606
chr3	196595141	-1
chr4	41937198	72772
chr4	57301600	72953,72955
chr10	21823578	9853,9855
chr4	78078358	73279,73280
chr4	78977659	73300,73301
chr4	78977910	73300,73301
chr4	78978174	73300,73301
chr4	78978456	73300,73301
chr4	99917231	73586
chr4	140098537	74015,74017
chr4	160025216	74357,74358
chr4	185654608	-1
chr4	185655234	74600
chr10	25305103	9942,9943
chr4	185655518	74600
chr5	34915308	75277,75278,75280
chr5	34915650	75277,75278,75279,75280
chr5	34915859	75277,75279,75280
chr5	43040608	75501,75502,75503,75504
chr5	64920088	75794,75796
chr5	64920470	75794,75795,75796
chr5	64920864	75794,75795,75796
chr5	65221342	75810,75811
chr5	65221547	75810,75811
chr10	25305369	9942,9943
chr5	65222301	75810,75812
chr5	70882407	75919
chr5	70882618	75919
chr5	70882976	75919
chr5	70883179	75919
chr5	135468389	77238,77239
chr5	135468590	77238,77239
chr5	135469175	77239,77240
chr5	139554736	77474
chr5	139555346	77475
chr10	25305643	9942,9943
chr5	139555552	77475
chr5	172755409	78466,78467,78469
chr5	172755615	78466,78467,78469
chr5	172756254	78466,78467,78469
chr5	179049830	78744,78745,78746
chr5	179050032	78745,78746,78747
chr5	179050613	78746,78747,78748
chr6	3410433	-1
chr6	4135472	79160,79161,79163
chr6	4135733	79160,79162,79163
chr10	70716612	-1
chr6	4136387	79162,79163
chr6	5261317	79194,79195,79196
chr6	5261571	79194,79196
chr6	5261780	79194,79196
chr6	7312837	79261
chr6	7313394	79262
chr6	7313619	79262
chr6	7541834	79272,79273
chr6	7542777	79272,79274
chr6	12011257	79420,79422
chr10	70884022	10745
chr6	12011456	79420,79422
chr6	12012239	79421,79422
chr6	12013177	79421
chr6	18155813	79613,79614
chr6	24357775	79707
chr6	24357987	79708
chr6	24358315	79708
chr6	26055654	79842
chr6	26055885	79842
chr6	26056624	79843
chr1	12677992	989,990,991,992
chr10	74032783	10936,10937,10938,10939
chr6	26123264	79854,79855
chr6	26123467	79854,79855
chr6	26124095	79853,79854,79855
chr6	26124458	79853,79854,79855
chr6	26124663	79853,79855
chr6	27777886	79974
chr6	27778114	-1
chr6	27778694	-1
chr6	30584967	80241,80242,80243
chr6	30585661	80241,80242,80243
chr10	74033476	10937,10938,10939
chr6	30585861	80241,80242
chr6	31620026	80440,80442
chr6	31620225	80440,80441,80442
chr6	31620795	80441,80442
chr6	31633621	80447,80448,80450
chr6	31830590	80533,80534,80535
chr6	31830895	80533,80534,80535
chr6	31831551	80534,80535
chr6	33168680	80759,80760,80761,80762
chr6	37786774	81227,81228
chr10	74033700	10937,10938,10939
chr6	37787157	81227,81228
chr6	37787526	81227,81228,81229
chr6	38607103	81270,81272
chr6	38607412	81270,81272
chr6	38607736	81270,81271,81272
chr6	41513950	81396,81397
chr6	43027690	81588,81590,81591,81592,81593
chr6	44213945	81781,81782,81783,81784
chr6	44214226	81780,81781,81782,81783,81784
chr6	44214877	81780,81782,81783,81784,81785
chr10	88160107	-1
chr6	53659031	82090,82091
chr6	64283477	82245,82248,82249
chr6	64283682	82245,82248,82249
chr6	64284382	82248,82249
chr6	79787118	82373,82374
chr6	79787993	82373,82375
chr6	86352600	82481,82482,82483
chr6	111136644	82872,82874
chr6	117803697	83077
chr6	117803918	83077
chr10	91404817	11533,11535
chr6	117804545	-1
chr6	117804748	-1
chr6	132271910	83441,83442,83443,83444,83445
chr6	138188102	83651
chr6	138188367	83651
chr6	138188934	-1
chr6	149867271	84011
chr6	151186774	84072,84073
chr6	151187476	84073
chr6	151187682	84073
chr10	103892729	12213,12215
chr6	157342641	84261,84262
chr6	157342844	84261,84262
chr6	157343200	84262
chr6	158981946	84373
chr6	160114818	84444,84445
chr6	160148868	84448,84450
chr6	160182795	84459,84460,84462,84463
chr6	160183396	84459,84461,84462,84463
chr6	160183623	84459,84461,84462,84463
chr6	160210657	84474,84475,84476,84478,84479
chr10	103893471	12214,12215
chr6	160211272	84475,84477,84478,84479
chr6	160211548	84475,84477,84478,84479
chr6	167412553	84719,84720
chr6	167412836	84719,84720
chr6	167413410	84719
chr6	168227451	84754,84756,84757,84759
chr6	170199960	84876,84877
chr7	11013287	85436
chr7	11013556	85436
chr7	11014257	-1
chr10	103893679	12214
chr7	16685056	85469
chr7	16685282	85468,85469
chr7	16685859	85468,85469
chr7	25019800	85621
chr7	25020030	85621
chr7	25020327	85621
chr7	47579404	86302,86303,86304
chr7	75623199	86741
chr7	75623908	86742
chr7	75624122	86742
chr10	112678706	12520,12522,12524
chr7	77325549	86822,86823,86825
chr7	77325842	86822,86823,86825
chr7	77326533	86822,86824,86825,86826
chr7	77326812	86822,86824,86826
chr7	91763152	86972
chr7	91763739	86970,86971,86972
chr7	91763986	86970,86971,86972
chr7	99698181	87384,87385,87386,87387,87388,87390
chr7	99698383	87385,87386,87388,87390
chr7	99698984	87385,87386,87388,87389,87390
chr10	112678905	12520,12521,12522,12524
chr7	152160529	89236
chr7	152161246	89236
chr7	152161470	89236
chr8	13133944	89692
chr8	17780470	89782
chr8	17781441	-1
chr8	38126123	90498
chr8	57124371	90829,90830,90831
chr8	95908037	91302,91303,91305,91306
chr8	103667940	91550,91551,91553,91554
chr1	12678299	989,990,991,992
chr10	112679427	12520,12521,12522,12524
chr8	103668444	91551,91553,91554
chr8	103668672	91553
chr8	128227379	-1
chr8	128227695	-1
chr8	128228316	-1
chr8	145596817	92518,92519,92520
chr8	145597479	92518,92519,92520
chr8	145597758	92518,92519,92520
chr9	6757531	92829,92830,92832
chr9	6757856	92830,92831,92832
chr10	126605255	13004,13005,13006
chr9	6758108	92831,92832
chr9	33025062	93045,93046,93047,93048,93049
chr9	33025287	93045,93046,93047,93048,93049
chr9	33025857	93045,93047,93048,93049
chr9	86594811	93744,93745,93747,93749
chr9	88555747	93765,93766
chr9	88556018	93765,93766
chr9	88556292	93766
chr9	95896003	-1
chr9	99179775	94152,94154
chr10	126605458	13004,13005,13006
chr9	99180662	94153,94154
chr9	131872615	95640,95642,95643
chr9	131873302	95641,95642,95643
chr9	131873509	95641,95643
chr9	139694574	96339
chr9	139694797	96339
chr10	126606174	13004
chr11	236273	13196,13197,13199
chr11	236582	13196,13197,13199
chr11	236851	13196,13198,13199
chr11	809217	13349,13351,13353
chr11	809564	13350,13351,13353
chr11	809908	13350,13352,13353
