chr1	36930009	2715,2716
chr1	36930027	2715,2716
chr1	144533808	-1
chr14	101217683	-1
chr15	52311375	29530,29531
chr15	52311389	29530,29531
chr15	52312138	29530,29532
chr15	52426934	-1
chr15	52426939	-1
chr15	52426950	-1
chr15	71184880	30320,30321
chr15	71184900	30320,30321
chr15	71185116	30320,30321
chr1	144533855	-1
chr16	13204494	-1
chr16	13204510	-1
chr16	13204520	-1
chr16	58529199	-1
chr16	58529206	-1
chr16	58529221	-1
chr16	68002686	35084
chr16	68003621	35084
chr16	68003641	35084
chr16	68032815	-1
chr1	144534008	-1
chr16	68032877	-1
chr16	68032943	-1
chr16	88729589	36276,36277
chr16	88729604	36276,36277
chr16	88729613	36276,36277
chr17	7960101	37527
chr17	7960109	37527
chr17	7960117	37527
chr17	17743548	-1
chr17	17743561	-1
chr1	149224416	-1
chr17	17743568	-1
chr17	36813673	-1
chr17	36813698	-1
chr17	36813918	-1
chr17	40075360	39329
chr17	40075434	39329
chr17	40075455	39329
chr17	45973430	40177,40178,40179
chr17	45973440	40177,40178,40179
chr17	45973460	40177,40178,40179
chr1	149224436	-1
chr17	47840971	-1
chr17	47841549	40377
chr17	47841744	40377
chr17	47841759	40377
chr17	47865965	40378,40379,40380
chr17	47866536	40378,40380
chr17	47866566	40378,40380
chr17	57784792	40951,40952
chr17	57784799	40951,40952
chr17	57784820	40951,40952
chr1	149224464	-1
chr17	61699501	41172
chr17	61699632	41172
chr17	61699727	41172
chr17	74733423	42144,42147,42148,42150
chr17	74733453	42144,42147,42148,42150
chr17	74734064	42144,42147,42149,42150
chr17	80055393	42864,42866,42867
chr17	80056164	42864,42865,42866,42867
chr17	80056173	42864,42865,42866,42867
chr17	80056730	42865,42867
chr1	155079953	-1
chr18	33058591	-1
chr18	33058607	-1
chr18	33058621	-1
chr19	2061557	-1
chr19	2061613	-1
chr19	2061756	-1
chr19	8226232	-1
chr19	8226248	-1
chr19	8226253	-1
chr19	11201152	45827
chr1	155079973	-1
chr19	11201161	45827
chr19	11201163	45827
chr19	33796341	-1
chr19	33796388	-1
chr19	33796408	-1
chr19	33894731	-1
chr19	33894736	-1
chr19	33894752	-1
chr19	58912768	49845
chr19	58912785	49845
chr1	155079985	-1
chr19	58912790	49845
chr2	20793260	50496,50497
chr2	20793335	50496,50497
chr2	20793351	50496,50497
chr2	88438842	-1
chr2	88438847	-1
chr2	88438889	-1
chr2	99952837	53752,53753
chr2	112677958	-1
chr2	112677987	-1
chr1	161193440	6693,6694,6695
chr2	112677992	-1
chr2	120124480	54386,54387,54388,54389
chr2	120124500	54386,54387,54388,54389
chr2	120125163	54386,54388,54389
chr2	209119165	57238,57239
chr2	209119851	57238,57240
chr2	209119914	57238,57240
chr2	220065592	-1
chr2	220065596	-1
chr2	220065665	-1
chr1	36930033	2715,2716
chr1	161193452	6693,6694,6695
chr2	220065797	-1
chr2	223574329	-1
chr2	223574358	-1
chr2	223574364	-1
chr2	223598741	-1
chr2	223598751	-1
chr2	223598771	-1
chr2	223725674	57922
chr2	223725686	57922
chr2	223725688	57922
chr1	161194204	6693,6694,6695,6696,6697,6698
chr2	242088904	58809,58810,58813
chr2	242089817	58809,58811,58812,58813
chr2	242089840	58809,58811,58812,58813
chr20	382559	-1
chr20	382604	-1
chr20	382689	-1
chr20	1305914	59075
chr20	1305933	59075
chr20	1305946	59075
chr20	3748520	59319,59320
chr1	162760346	6780
chr20	3749120	59319,59321
chr20	3749122	59319,59321
chr20	25604651	60135,60136
chr20	25604665	60135,60136
chr20	25604673	60135,60136
chr20	33464017	60518
chr20	33464041	60518
chr20	33464056	60518
chr20	34330320	60640
chr20	34330444	60640
chr1	162760455	6780
chr20	34330447	60640
chr20	49015724	-1
chr20	49015739	-1
chr20	49015742	-1
chr21	45902814	63397
chr21	45902827	63397
chr21	45902846	63397
chr22	38577854	65143,65144
chr22	38577862	65143,65144
chr22	38577872	65143,65144
chr1	162760591	6780
chr22	42228966	65541
chr22	42228975	65541
chr22	42228981	65541
chr22	43038110	65640,65641
chr22	43038221	65640,65641
chr22	43038240	65640,65641
chr3	45883654	67474
chr3	45883665	67474
chr3	45883680	67474
chr3	73022311	-1
chr1	207925374	8133,8134
chr3	73022346	-1
chr3	73022364	-1
chr3	149756775	-1
chr3	149756794	-1
chr3	149756813	-1
chr4	3786426	-1
chr4	3786437	-1
chr4	3786470	-1
chr4	6675113	72213,72214,72216
chr4	6675150	72213,72214,72216
chr1	207925394	8133,8134
chr4	6675721	72213,72215,72216
chr4	111115124	-1
chr4	111115142	-1
chr4	111115147	-1
chr5	43313837	75537
chr5	43313856	75537
chr5	43313869	75537
chr5	74632873	76053,76054
chr5	74632887	76053,76054
chr5	74632894	76053,76054
chr1	207925399	8133,8134
chr5	110848358	76633
chr5	110848375	76633
chr5	110848387	76633
chr5	139781127	77484,77485,77486
chr5	139781140	77484,77485,77486
chr5	139781159	77484,77485,77486
chr5	148760121	77858
chr5	148760167	77858
chr5	148760186	77858
chr5	149922668	-1
chr1	235111088	-1
chr5	149922670	-1
chr5	149922683	-1
chr5	168006814	78346
chr5	168006822	78346
chr5	168006836	78346
chr6	10721680	79362
chr6	10721724	79362
chr6	10721792	79362
chr6	35227181	80997,80998
chr6	35227204	80997,80998
chr1	235111144	-1
chr6	35227971	80997
chr6	53224281	82074
chr6	53224283	82074
chr6	53224288	82074
chr6	82957518	82420
chr6	82957531	82420
chr6	82958042	82420
chr6	88482848	-1
chr6	88482857	-1
chr6	88482881	-1
chr1	55504244	3820
chr1	235111172	-1
chr6	160183418	84459,84461,84462,84463
chr6	160183426	84459,84461,84462,84463
chr6	160183430	84459,84461,84462,84463
chr7	11012863	85435,85436
chr7	11012876	85435,85436
chr7	11012904	85435,85436
chr7	12726428	85450,85451,85452,85453,85454
chr7	12726450	85450,85451,85452,85453,85454
chr7	12727160	85450,85452,85453,85454
chr7	26904449	85667
chr10	1094948	9346,9347,9349
chr7	26904459	85667
chr7	26904509	85667
chr7	91764107	86970,86971,86972
chr7	91764125	86970,86971
chr7	91764136	86970,86971
chr7	99699063	87386,87388,87389,87390
chr7	157112679	-1
chr7	157112732	-1
chr7	157112765	-1
chr8	11660077	89632,89633,89634
chr10	1094954	9346,9347,9349
chr8	11660093	89632,89633,89634
chr8	11660096	89632,89633,89634
chr8	17773569	89781
chr8	17773587	89781
chr8	17773598	89781
chr9	86323563	93721
chr9	86323576	93721
chr9	86323580	93721
chr9	92756602	-1
chr9	92756635	-1
chr10	1094968	9346,9347,9349
chr9	92756641	-1
chr9	96928478	94050
chr9	96929061	-1
chr9	96929104	-1
chr9	108180992	-1
chr9	108181000	-1
chr9	108181018	-1
chr9	116843488	94733
chr9	116844464	94733
chr9	116844488	94733
chr10	3827618	9421,9422
chrX	2845898	-1
chrX	2845903	-1
chrX	2845921	-1
chrX	151999537	97702,97703,97704
chrX	151999544	97702,97703,97704
chrX	151999566	97702,97703,97704
chr10	3827629	9421,9422
chr10	3827669	9421,9422
chr10	102106758	12043
chr10	102106764	12043
chr10	102106772	12043
chr1	55505154	3820
chr10	102133202	12050
chr10	102133205	12050
chr10	102133207	12050
chr10	102729055	12088
chr10	102729142	12087,12088
chr10	102729368	12087,12088
chr11	6502721	13747,13748,13749,13750,13751,13752
chr11	6502747	13747,13748,13749,13750,13751,13752
chr11	6502762	13747,13748,13749,13750,13751,13752
chr11	13157057	-1
chr1	55505162	3820
chr11	13157066	-1
chr11	13157069	-1
chr11	43702085	14681
chr11	43702087	14681
chr11	43702093	14681
chr11	65255190	-1
chr11	65255199	-1
chr11	65255222	-1
chr11	71159547	16588,16589,16590
chr11	71159550	16588,16589,16590
chr1	55505181	3820
chr11	71159556	16588,16589,16590
chr11	73490624	-1
chr11	73490653	-1
chr11	73490827	-1
chr11	86748924	17235,17236,17237
chr11	86748940	17235,17236,17237
chr11	86748942	17235,17236,17237
chr12	1800115	18657
chr12	1800120	18657
chr12	1800128	18657
chr1	100503623	4677
chr12	11044712	-1
chr12	11044744	-1
chr12	11044781	-1
chr12	56367590	20655
chr12	56367609	20655
chr12	56367620	20655
chr12	56367791	20655
chr12	57625578	20940
chr12	57626309	-1
chr12	57626528	-1
chr1	100503634	4677
chr12	57627089	-1
chr12	57627583	-1
chr12	57627710	-1
chr12	57627824	-1
chr12	57628097	-1
chr12	110011386	22117,22118,22119
chr12	110011395	22117,22118,22119
chr12	110011399	22117,22118,22119
chr14	20929822	24936,24937
chr14	20929844	24936,24937
chr1	100503636	4677
chr14	20929862	24936,24937
chr14	21578052	-1
chr14	21578078	-1
chr14	21578084	-1
chr14	24584048	25563,25564,25565
chr14	74003769	27100
chr14	74003773	27100
chr14	74003776	27100
chr14	101217650	-1
chr14	101217670	-1
