chr1	994705	60
chr1	2344529	317
chr1	6662889	544,545,546
chr10	30723597	10091,10092,10093
chr4	40058549	72731
chr4	48343238	72825,72826
chr4	48343496	72825,72826
chr4	48344153	72826,72827
chr4	74124493	73105,73107
chr4	74124810	73105,73106,73107
chr4	74125009	73105,73106,73107
chr4	76861386	73197
chr4	76861959	73197,73198
chr4	76862159	73197,73198
chr10	32635390	-1
chr4	78078408	73279,73280
chr4	83294892	73345
chr4	83295161	73344,73345
chr4	83295508	73344,73345
chr4	99850261	73583
chr4	102268709	73626,73627,73628
chr4	124318645	73925,73926,73927
chr4	124319602	73927,73928
chr4	128982449	73966
chr4	140374628	74032,74035,74036
chr10	32635638	-1
chr4	140375051	74032,74034,74035,74036
chr4	140375263	74032,74034,74036
chr4	146101095	74126,74127,74128
chr4	186130927	74627,74628
chr4	186317390	74634,74636,74637
chr4	186317669	74634,74636,74637
chr4	186317998	74634,74636,74637
chr5	10249879	74961,74962
chr5	10250449	74961,74962
chr5	10250654	74961
chr10	32636031	10149
chr5	86564361	-1
chr5	96270816	76501,76502,76503,76505
chr5	96271020	76501,76502,76503,76505
chr5	96271747	76501,76504,76505
chr5	98264048	76529,76530,76532
chr5	98264629	76531,76532
chr5	98264887	76531,76532
chr5	98265226	76531,76533
chr5	102594488	76550,76551
chr5	102595081	76551
chr10	32636235	10149
chr5	102595284	76551
chr5	108745107	76585
chr5	108745364	76585
chr5	108745643	76585,76586
chr5	126113389	-1
chr5	133340108	77069,77071
chr5	133340421	77069,77070,77071
chr5	133340674	77069,77070,77071
chr5	133341356	77070
chr5	137800303	77320,77321
chr10	64564579	10607
chr5	137911088	77355,77356,77358
chr5	137911296	77355,77356,77358
chr5	137911570	77356,77358
chr5	154237351	78183,78184
chr5	172197848	78415,78416,78417,78418
chr5	172198184	78416,78417,78418,78419
chr5	172198394	78416,78417,78418,78419
chr5	172755615	78466,78467,78469
chr5	172756575	78466,78467,78468,78469
chr5	172756870	78467,78468,78469
chr10	64564791	-1
chr5	176882390	78628,78629,78630,78632
chr5	180650290	78909,78910
chr6	1312345	78967,78968,78969
chr6	1313234	78969,78970
chr6	2765334	79023
chr6	2765676	79023
chr6	2765876	79023
chr6	2766409	79024
chr6	2989366	-1
chr6	3068772	79064,79066
chr10	64565385	10608,10609
chr6	3069010	79065,79066
chr6	3069292	79065,79066
chr6	3751007	79127,79128,79130
chr6	3751632	79128,79130
chr6	3751920	79128,79129,79130
chr6	3752202	79129,79130
chr6	7542597	79272,79274
chr6	13574634	79476,79477
chr6	13574846	79476,79477
chr6	13575401	79476
chr10	65280964	10634
chr6	15248244	79519,79521,79522
chr6	15248504	79519,79521,79522
chr6	15248776	79519,79520,79521,79522,79523
chr6	18264462	79631
chr6	18264693	79630,79631
chr6	18264950	79630,79631
chr6	20402786	79652,79653
chr6	24721051	79748,79749,79750,79751
chr6	24721616	79749,79750,79751,79752
chr6	24721858	79750,79751,79752
chr10	65281194	10634
chr6	24775249	79753,79754
chr6	24775451	79754
chr6	24775715	79754,79755
chr6	30688720	80277,80278
chr6	30711533	80285,80287
chr6	32937147	80722,80724,80725
chr6	32937348	80722,80724,80725
chr6	32938038	80722,80725,80726
chr6	32938717	80725,80726
chr6	32939451	80726
chr1	6663094	544,545,546
chr10	65281660	10635
chr6	32939701	80726
chr6	32939999	80726
chr6	33378022	80816,80817
chr6	33378244	80816,80817
chr6	33378873	80817
chr6	34205410	80910,80911,80912
chr6	35695513	-1
chr6	35695742	-1
chr6	35696068	-1
chr6	36164223	81076
chr10	74033720	10937,10938,10939
chr6	36164507	81076,81077
chr6	36164930	81077,81078
chr6	41040700	81360,81361
chr6	41040921	81360,81361
chr6	41041426	81360,81362
chr6	41888683	81448,81449,81450
chr6	41888910	81448,81449,81450
chr6	41889224	81448,81450
chr6	42896934	81547,81548
chr6	42897220	81547,81548
chr10	76585521	11135
chr6	42897496	-1
chr6	43027676	81588,81590,81591,81593
chr6	44041399	81750
chr6	44042392	81751
chr6	44043077	81751
chr6	44043282	81751
chr6	57086522	82222,82223
chr6	57086832	82222
chr6	57087099	82222,82224
chr6	64345753	82259,82260
chr10	77163353	11164,11166,11168,11169
chr6	64346026	82259,82260
chr6	64346270	82260
chr6	74230736	82315,82316,82317
chr6	109415840	82799,82800,82802,82803
chr6	109416059	82799,82800,82801,82802,82803
chr6	109416735	82799,82800,82801,82803
chr6	111196659	-1
chr6	111804355	82913,82914,82915
chr6	151186834	84072,84073
chr6	151187432	84073
chr10	91403954	11533,11534
chr6	151187668	84073
chr6	151711302	84106,84109
chr6	151711840	84106,84109,84110
chr6	151712040	84109,84110
chr6	151712624	84107,84108,84109,84110
chr6	157098467	84247,84249
chr6	157098719	84247,84249,84251
chr6	157099339	84249,84251
chr6	157099595	84249,84251
chr6	160114296	84443,84444,84445,84446
chr10	91404253	11533,11534
chr6	160114578	84443,84444,84445
chr6	160114792	84444,84445
chr6	167370047	84713
chr6	167370248	84713
chr6	167370909	84713,84714
chr6	168227414	84754,84756,84757,84759
chr6	170123767	84860,84862
chr6	170124325	84861,84862
chr6	170124571	84861,84862
chr6	170124870	84861,84862
chr10	91404923	11533,11535
chr6	170125565	84861,84863
chr7	5465614	85255
chr7	5466400	85255,85257
chr7	5469056	85256,85258
chr7	5469647	85256,85258
chr7	5469895	85258
chr7	6048646	85305,85306
chr7	6048935	85305,85306
chr7	6049180	85305
chr7	25019152	-1
chr10	99258168	11900,11902
chr7	25019742	85621
chr7	25020030	85621
chr7	30028788	85786
chr7	32931310	85879,85880
chr7	32931901	85879,85880
chr7	32932150	85879
chr7	37960555	-1
chr7	37960849	-1
chr7	37961065	-1
chr7	44835937	86195,86196,86197
chr10	101380871	11990,11991,11992
chr7	44836432	86195,86196,86197
chr7	44836637	86195,86197
chr7	55433530	86391,86392
chr7	55433770	86392
chr7	55434061	86392
chr7	66767381	86544,86545
chr7	66767691	86544,86545
chr7	66767908	86544
chr7	73588499	86643,86644
chr7	91763263	86970,86972
chr10	102106285	12042,12043
chr7	91763605	86970,86972
chr7	91764162	86970,86971
chr7	99724582	-1
chr7	99724875	-1
chr7	99725094	-1
chr7	100026448	87442,87444,87445,87446
chr7	100027074	87442,87444,87446,87447
chr7	100844534	87620
chr7	104653620	87785,87786,87789
chr7	104654562	87785,87787,87788,87789
chr1	8938741	665,666
chr10	102106901	12043
chr7	105752438	-1
chr7	105752726	87866
chr7	105752949	87866
chr7	139930493	-1
chr7	148725540	88951
chr7	148725758	88951
chr7	148726062	88951
chr7	154795226	89250,89252,89254,89256,89257
chr7	155601833	89287,89288
chr8	1712006	89482,89483
chr10	102107124	12043
chr8	6565660	89514,89515
chr8	6565941	89514,89515
chr8	6566211	89514,89515
chr8	6566513	89514
chr8	16884637	89697
chr8	16884886	89697
chr8	16885152	-1
chr8	17658600	89762,89763
chr8	17658946	89762,89763,89764
chr8	17659148	89762,89764
chr10	103454091	12160
chr8	19675025	89870
chr8	38239693	90513
chr8	38239895	90513
chr8	38240510	90513,90514
chr8	38854019	90570,90571,90572
chr8	38854305	90570,90571,90572
chr8	38854655	90570,90571,90572
chr8	42697950	-1
chr8	42698167	90681
chr8	42698474	90681,90682
chr10	103454298	12160
chr8	61429550	90869,90870
chr8	61429750	90869,90870
chr8	61430017	90869
chr8	74206612	91041,91042,91043,91044
chr8	74658685	-1
chr8	74659293	91056
chr8	74659495	91056
chr8	81398801	91120,91121,91122
chr8	103818959	91555,91556,91558
chr8	103819238	91555,91557,91558
chr10	103454957	12161
chr8	103819574	91555,91557,91558
chr8	103819784	91555,91557,91558
chr8	103876596	91572,91573
chr8	126442042	91903,91904
chr8	134309483	92046,92047
chr8	142011288	92168
chr8	144679564	92333,92334,92335,92338,92339
chr8	145158980	92471,92473,92474,92476,92477
chr8	145691527	92552,92553,92554,92555,92557
chr8	145728249	92570,92571
chr10	123686991	12873
chr8	145742450	92578,92580
chr8	145743169	92579,92580
chr8	145743386	92579,92580
chr8	146052216	92604,92607
chr8	146052507	92604,92606,92607,92608
chr8	146053004	92604,92606,92607,92608
chr9	4984740	92758,92759,92760,92761
chr9	4985032	92758,92759,92760,92761
chr9	4985280	92759,92760,92761
chr9	33816871	93106,93107
chr10	123687518	12872,12873
chr9	33817088	93106,93107
chr9	33817836	93106
chr9	74979433	93615,93616,93617,93618
chr9	74980122	93616,93617,93619
chr9	74980324	93617,93619
chr9	86594538	93743,93744,93745,93747,93749
chr9	86595120	93744,93745,93746,93747,93749
chr9	86595471	93745,93746,93747,93748,93749
chr9	99180628	94153,94154
chr9	116843715	94733
chr10	123687756	12872,12873
chr9	123639369	94871
chr9	127020311	95092
chr9	127020537	95092
chr9	127021052	-1
chr9	130742776	95397,95398
chr9	130743296	95397,95398,95399
chr9	130743495	95397,95398,95399
chr9	131872970	95640,95641,95642,95643
chr9	131873244	95640,95641,95642,95643
chr9	131873617	95641,95643
chr10	131908791	13089,13090
chr9	131873866	95641,95643
chr9	132331070	95689
chr9	136857613	96104
chr9	137000551	96131,96133
chr9	137000767	96132,96133
chr9	137001266	96132,96133
chr9	138392523	96177,96178,96179,96181,96182
chr9	138885153	-1
chr9	138886030	-1
chr9	139010719	96220,96221,96222
chr10	131909580	13088,13089,13090
chr9	139010919	96220,96221,96222
chr9	139011541	96220,96222
chr9	139685266	96335
chr9	139685833	96334,96335
chr9	139686091	96334
chr9	139694573	96339
chr9	139694793	96339
chr9	139743044	96359,96360
chr9	140130160	-1
chr9	140130842	96488
chr1	23750378	-1
chr10	131909780	13088,13089,13090
chr9	140131052	96488
chr9	140446027	96545,96547
chr9	140446391	96545,96547
chr9	140446599	96545
chrX	152889908	97725
chrX	153236737	97775,97776,97779,97780
chrX	153237258	97775,97776,97777,97779,97780
chrX	153237483	97775,97777,97778,97779,97780
chrX	153744818	97849
chr11	568155	-1
chr11	568420	13276
chr11	568761	13276
chr11	819601	13356,13357
chr11	2003333	13524,13525,13526
chr11	2004076	13524,13526
chr11	2004306	13524,13526
chr11	2008871	-1
chr11	2009100	-1
chr1	24126908	1717,1718
chr11	2009420	-1
chr11	2753214	-1
chr11	10879760	14024,14025,14026
chr11	18343679	14254,14256
chr11	18343880	14254,14255,14256
chr11	18344101	14254,14255,14256
chr11	34937627	14580
chr11	34937872	14579,14580
chr11	34938186	14579,14580
chr11	46722113	14853,14854,14855
chr1	24127219	1717,1718,1719
chr11	46722352	14853,14854,14855
chr11	46722632	14853,14854,14855
chr11	47207241	14911,14913
chr11	61583651	15353,15354,15355,15357
chr11	62494790	15495,15496,15497
chr11	64660917	15796
chr11	64661117	15796
chr11	64661870	15796
chr11	65189696	15903
chr11	66080468	-1
chr1	24127419	1717,1718,1719
chr11	67397340	16380
chr11	67398004	16380
chr11	67398209	16380
chr11	77531695	17054,17055
chr11	77531927	17054,17055
chr11	77532222	17054,17055
chr11	82996829	17152,17153
chr11	82997088	17152,17153
chr11	82997353	17152,17153,17154
chr11	95523744	17342,17344,17345,17346
chr1	25573928	1805,1806
chr11	102323451	17421,17422,17423
chr11	122932822	18231,18232,18233,18234
chr11	122933390	18231,18232,18233,18234
chr11	122933621	18232,18233
chr12	3068600	18737,18738
chr12	6981728	18986,18989
chr12	14923234	19351
chr12	31477096	19594,19595
chr12	31477368	19594,19595
chr12	31478037	19594,19596
chr1	35657814	2567,2568,2569,2570
chr12	31478251	19594,19596
chr12	31479036	19594,19596,19597,19598
chr12	39836911	19681,19682
chr12	39837132	19681,19682
chr12	39837440	19681,19682
chr12	46777013	19804
chr12	46777548	19804,19805
chr12	46777749	19805
chr12	67662368	21233
chr12	67662595	21233
chr1	35658093	2567,2568,2569,2570
chr12	67663254	21233
chr12	67663455	-1
chr12	72057278	21366
chr12	72057565	21365,21366
chr12	72058148	21365,21366
chr12	76424599	21413,21414,21416
chr12	76425351	21415,21416
chr12	76425551	21415,21416
chr12	89745618	21531,21534,21536,21537,21538
chr12	89746287	21531,21534,21535,21536,21537,21538,21540
chr1	2517796	343
chr1	35658689	2568,2569,2571
chr12	89746501	21531,21534,21535,21536,21537,21538,21540
chr12	89747289	21534,21535,21537,21538,21540
chr12	89747490	21534,21535,21538,21540
chr12	89748035	21535,21539,21540
chr12	90102603	21566,21568,21569
chr12	90102805	21566,21567,21568,21569
chr12	90103599	21567,21568,21569
chr12	112450925	22295,22296,22297,22298
chr12	112451257	22296,22297,22298
chr12	112451492	22296,22297,22299
chr1	36022730	2610,2611,2612,2613
chr12	112452037	22297,22299
chr12	121416526	22659
chr12	121417498	-1
chr12	121418157	-1
chr12	121418362	-1
chr12	121418708	22660
chr12	121734272	-1
chr12	121734474	22683
chr12	121734810	22683
chr12	121735127	22683
chr1	36022944	2609,2610,2611,2612,2613
chr12	122241947	22758,22759
chr13	20532822	23283
chr13	20533027	23283
chr13	20533643	-1
chr13	28712511	23487,23488
chr13	30169149	-1
chr13	30169773	23514
chr13	30170026	23514
chr13	37574173	23668,23669,23671,23672
chr13	52027134	24077,24078,24079,24080,24081,24082
chr1	36023461	2609,2611,2612,2613
chr13	52158671	24085
chr13	53024292	24131
chr13	53024542	24131
chr13	53024764	24131,24132
chr13	60971301	24153
chr13	98086183	24390,24391,24392
chr13	111364758	24667,24668,24669,24671
chr13	111365314	24667,24669,24671
chr13	111365619	24667,24669,24671,24673
chr13	111366126	24667,24670,24671,24673,24674
chr1	41707113	-1
chr13	111367368	24670,24672,24673,24674,24675
chr13	111367677	24670,24672,24674,24675
chr13	111368233	24672,24675
chr14	23770895	25435,25437
chr14	23771187	25435,25437
chr14	23771493	25435
chr14	23772018	25435,25438
chr14	23790149	25446
chr14	23790696	25446
chr14	23791006	-1
chr1	41707365	-1
chr14	23791309	25447
chr14	24583126	25562,25563,25565
chr14	24583326	25562,25563,25565
chr14	24584077	25563,25564,25565
chr14	24616012	25581,25582,25583,25584,25586,25587,25588
chr14	24899146	25693,25694,25695,25696
chr14	24899359	25693,25694,25695,25696,25698
chr14	24900105	25693,25694,25697,25698
chr14	31494906	25790,25792
chr14	31495537	25791,25792
chr1	41707648	3008
chr14	31495739	25791,25792
chr14	31676784	25817,25818
chr14	31677084	25817
chr14	31677340	25817,25819
chr14	32546303	25848,25849
chr14	32546542	25848,25849
chr14	32546807	25848
chr14	39735875	26099,26101
chr14	39736090	26100,26101
chr14	39736603	26100,26101
chr1	43147802	3049,3050,3051
chr14	45722323	26151
chr14	45722527	26151,26152
chr14	45722757	26151,26152
chr14	54422763	26353
chr14	54423485	26354
chr14	54423726	26354
chr14	55032857	26375,26376,26377,26379,26380
chr14	64970660	26693,26695
chr14	69445418	26886
chr14	74253594	27126
chr1	43148085	3049,3050,3051
chr14	90863381	27552,27553,27554
chr14	90864105	27553,27554
chr14	90864336	27553,27554
chr14	100704594	27974,27975
chr14	100704881	27973,27974,27975
chr14	100705157	27973,27974,27975
chr14	102553365	28142,28143,28144,28145
chr14	102553643	28142,28143,28145
chr14	102553877	28143,28145,28146
chr14	103005615	-1
chr1	43148406	3049,3051
chr14	103006357	-1
chr14	103994595	28299,28300
chr14	103995323	28298,28299,28300
chr14	103995583	28298,28299,28300
chr14	105957078	28526
chr15	20546510	-1
chr15	20547490	-1
chr15	25200900	28580
chr15	50646923	29408,29409,29410,29412
chr15	50647388	29408,29409,29411,29412
chr1	2518025	343
chr1	43148717	3049,3051
chr15	50647673	29408,29409,29411,29412
chr15	52971013	29577,29578
chr15	52971297	29577,29578
chr15	52971524	29577,29578,29579
chr15	53081931	29582
chr15	53082522	29582,29583,29584
chr15	53082735	29582,29583,29584
chr15	60884119	-1
chr15	63892989	29927,29928
chr15	63893194	29927,29928
chr1	46153034	3348,3349,3350,3352
chr15	63893784	29927,29929
chr15	68570021	30230,30231
chr15	68570361	30230,30231
chr15	68570562	30231
chr15	69112807	30263
chr15	70391094	30304,30305,30306
chr15	74908009	30509,30510
chr15	78730364	30786,30787
chr15	78730583	30786,30787
chr15	78730910	30787
chr1	68151693	4126,4127
chr15	79165220	30824,30825
chr15	79165429	30824,30825
chr15	79165978	30825
chr15	85923608	31060
chr15	85923873	31060
chr15	85924540	-1
chr15	96874621	31426,31427
chr16	729547	31786,31787,31788
chr16	2802193	32185,32187
chr16	2802670	32185,32186,32187
chr1	78148328	4252
chr16	2802947	32186,32188
chr16	3071287	32247,32248
chr16	11679981	32726
chr16	11680742	32726,32727
chr16	11680944	32726,32727,32728
chr16	11836747	32742
chr16	25268893	33433,33435,33436
chr16	25269134	33433,33434,33435,33436
chr16	25269621	33433,33434,33436
chr16	29911582	33665,33666,33667
chr1	78149066	4252,4253
chr16	30441273	33783
chr16	30441578	33783
chr16	30441888	33783
chr16	30546207	33804,33805,33806
chr16	31084803	33940,33941,33943,33945
chr16	50186930	34226,34228,34229
chr16	50187154	34226,34228,34229
chr16	50187517	34227,34228,34229
chr16	51184713	34298,34300
chr16	51185553	34299,34300
chr1	78149269	4252,4253
chr16	53164924	34325,34326
chr16	54319572	34391,34392,34393
chr16	54320091	34391,34393,34394
chr16	54320314	34391,34393,34394
chr16	54320946	34391,34393,34394
chr16	56965867	34527,34528
chr16	56966084	34528
chr16	56966767	-1
chr16	57406465	34578
chr16	57406778	-1
chr1	94312904	4583,4584,4585
chr16	57407066	-1
chr16	58034429	34672,34673,34674,34675
chr16	58035224	34672,34674,34675
chr16	58035423	34672,34674,34675
chr16	58059681	34678,34680
chr16	68002726	35084
chr16	68269519	35111,35112,35113,35114
chr16	68270031	35112,35113,35114,35115
chr16	68270237	35112,35113,35115
chr16	70759276	-1
chr1	95392023	4630,4631,4633,4634
chr16	70759552	-1
chr16	70759906	-1
chr16	73081665	-1
chr16	73081890	-1
chr16	73082479	35555
chr16	75681686	35706,35707,35708,35710
chr16	75681887	35706,35707,35708,35710
chr16	75682516	35706,35709,35710
chr16	85548893	36076
chr16	87525762	36183,36184,36185
chr1	95392676	4630,4632,4633,4634
chr16	88851327	-1
chr16	88877951	36306
chr16	88878283	36308
chr16	88878574	36308
chr16	88878895	36308
chr16	89767463	36436
chr16	89768059	36436,36437
chr16	89768378	36436,36437
chr16	89768644	36436,36437
chr16	89989071	36494,36495
chr1	95392940	4630,4632,4633,4634
chr17	1618729	36706,36709
chr17	1666154	36731
chr17	1666482	-1
chr17	1666776	-1
chr17	4852375	37062,37063,37064,37065,37066,37068
chr17	7082658	37256,37257
chr17	7145487	37288,37290,37291,37292
chr17	7145727	37288,37290,37291,37293
chr17	7146467	37290,37291,37293
chr17	7211054	37308,37309
chr1	2518324	343,344
chr1	154973610	6073
chr17	7475883	37412,37413,37414,37415
chr17	7476179	37412,37413,37414,37415,37416
chr17	7476395	37413,37414,37415,37416
chr17	7477007	37414,37415,37416,37417
chr17	7590037	37462,37463,37465,37466
chr17	8534028	37625,37626
chr17	16256743	37797,37798
chr17	17108946	-1
chr17	17109662	37847
chr17	17109861	37847
chr1	154974348	6073
chr17	17597927	-1
chr17	27053733	38258
chr17	27917532	38392,38393,38395
chr17	27918107	38393,38395
chr17	34890765	38706,38707,38708,38710
chr17	34900637	38713,38714,38716
chr17	34900844	38713,38714,38716
chr17	34901419	38713,38715,38716
chr17	35715482	-1
chr17	35716027	38756
chr1	154974600	6073
chr17	35716290	38756,38757
chr17	36102869	-1
chr17	36103604	38794
chr17	36886391	38862,38864,38865
chr17	36886626	38864,38865
chr17	36887235	38865
chr17	36955423	38880,38881
chr17	36955749	38880,38881,38882
chr17	36955953	38880,38881,38882
chr17	36956243	38880,38882
chr1	154975313	6073
chr17	37894457	39004,39005,39006
chr17	37895365	39006
chr17	37895985	-1
chr17	38255411	-1
chr17	39968536	39295,39296,39297,39299
chr17	41323032	39600,39601
chr17	41623139	39628
chr17	42277252	39717,39718,39719,39720
chr17	42277457	39718,39719,39720
chr17	42277776	39719,39720
chr1	155098740	6099,6100
chr17	42278026	39719,39720
chr17	42297540	39731,39733,39734,39737,39738
chr17	42298136	39733,39735,39737,39738
chr17	43225072	39887,39889,39890
chr17	43225888	39887,39888,39889,39890,39891
chr17	43226734	39887,39888,39890,39891
chr17	44271078	40029,40030,40031
chr17	45727249	40129,40130
chr17	47074593	40311,40312,40314
chr17	47074838	40311,40312,40314
chr1	155099313	6099,6100
chr17	47075360	40311,40313,40314
chr17	48227544	40442,40443
chr17	57696716	40917
chr17	57696933	40915,40917
chr17	57697255	40915,40916,40917
chr17	61699257	41172
chr17	61699847	41172
chr17	61700127	-1
chr17	61850887	41205,41206,41207
chr17	61851513	41205,41207
chr1	155099862	6099,6100
chr17	61851726	41205,41207
chr17	61919261	-1
chr17	61920051	41245
chr17	61920250	41245
chr17	62339860	-1
chr17	62340587	41292
chr17	62340788	41292
chr17	62502382	41300,41301,41302
chr17	63052026	41347
chr17	63052706	41345,41346,41347
chr1	156023853	6285,6286
chr17	63052994	41345,41346,41347
chr17	63556419	41357,41358,41359
chr17	63556638	41357,41358,41359
chr17	63556955	41358,41359
chr17	66507966	41518,41519,41521
chr17	66508650	41519,41520,41521
chr17	66508850	41520,41521
chr17	70117203	41605,41606,41608
chr17	71188722	41635,41637
chr17	71189231	41636,41637
chr1	156426600	-1
chr17	71189433	41636
chr17	72746998	-1
chr17	73521818	41884,41885
chr17	73975178	42001,42002
chr17	73975397	42001,42002
chr17	73975675	42001
chr17	74733374	42144,42147,42148,42150
chr17	75277266	42192
chr17	75277587	42192
chr17	75277789	-1
chr1	156426846	-1
chr17	75447626	42214,42215
chr17	75954495	42244,42247
chr17	75954780	42244,42245,42247
chr17	75955427	42245,42246,42247
chr17	76124225	42273
chr17	76777587	-1
chr17	76778319	42352
chr17	76778527	42352
chr17	76778801	42352
chr17	77818023	-1
chr1	3374004	374
chr1	156427142	-1
chr17	77818224	-1
chr17	77818803	-1
chr17	78234734	42512
chr17	79212836	42640,42641,42642
chr17	79213180	42640,42641,42642,42643
chr17	79213385	42640,42641,42643
chr17	79518700	-1
chr17	79519371	42693
chr17	79519582	42693
chr17	79632917	42714,42716,42717
chr1	165797653	6803,6804
chr17	79650514	42720,42722
chr17	79650770	42720,42721,42722
chr17	79651058	42720,42721,42722
chr17	79934643	42799,42800,42801
chr17	79935307	42799,42800,42801
chr17	79935529	42799,42800,42801
chr17	79952315	42803,42805,42806
chr17	79953274	42804,42805,42806,42807
chr17	79957687	42808
chr17	79958237	42808
chr1	169075073	6906,6907
chr17	79958851	42808
chr17	79959054	-1
chr17	80056086	42864,42865,42866,42867
chr17	80188802	42877,42879
chr17	80277578	42909
chr18	657674	43053
chr18	657964	-1
chr18	658206	43054
chr18	3449378	43127,43128,43130
chr18	9136572	43218,43219,43221
chr1	169075310	6906,6907
chr18	9136807	43218,43219,43221
chr18	9137396	43218,43220,43221
chr18	28681468	43571,43572,43573
chr18	28681675	43572,43573
chr18	28682397	43572,43574
chr18	30349674	43612
chr18	30350226	43613
chr18	30350477	43613
chr18	47339890	43867,43868
chr18	47340127	43867,43868
chr1	169075589	6907
chr18	47340418	43867,43868
chr18	72265395	44176
chr18	72921019	44183,44185,44186
chr18	77793899	44283,44284,44285
chr18	77794450	44283,44284,44285
chr18	77794686	44283,44285
chr19	797031	44392,44393
chr19	797750	44393,44394
chr19	798001	44393,44394
chr19	798725	44394
chr1	174968468	7078,7079,7081
chr19	1250882	44510,44512,44513
chr19	1864260	44658,44660
chr19	2236362	44736,44738
chr19	2546388	-1
chr19	2546681	-1
chr19	2546980	-1
chr19	4342715	45017,45018
chr19	4343275	45017,45018
chr19	4343561	45017,45018
chr19	10764515	45738,45739,45740,45742
chr1	174969165	7078,7080,7081
chr19	10765055	45738,45739,45740,45742
chr19	10765304	45738,45739,45741,45742
chr19	11201022	45827
chr19	12662045	-1
chr19	12662279	45987
chr19	12662576	45987
chr19	13106929	-1
chr19	18699621	46694,46695
chr19	18699848	46695
chr19	18700414	46695
chr1	174969410	7078,7080
chr19	35532677	47219
chr19	41257120	47832,47833,47835
chr19	44100205	48090,48091,48092
chr19	44100517	48090,48091,48092
chr19	44100722	48090,48091,48092
chr19	45349108	48207,48209
chr19	45349340	48207,48209
chr19	45349658	48207,48208,48209
chr19	45393720	48213,48214
chr19	45393940	48213,48214
chr1	182992650	7320
chr19	45394523	48213,48214,48215
chr19	45682101	48267,48268,48269,48271,48272
chr19	46271745	48363,48365,48366
chr19	46272477	48363,48365,48367,48368
chr19	46272676	48363,48365,48367,48368
chr19	47616397	48542
chr19	50168919	48956,48958,48959,48960,48961
chr19	51868874	-1
chr19	51869590	49167
chr19	51869811	49167
chr1	211751839	8222
chr19	54694182	49387,49388,49389,49390,49391,49392
chr19	56166426	49595,49596
chr19	56631834	-1
chr19	56632047	-1
chr19	56632654	49621
chr19	58873864	49835
chr19	58874119	49835,49836
chr19	58874353	49836
chr2	676701	49923,49924,49925,49927
chr2	676906	49923,49924,49925,49927
chr1	3688922	408,409
chr1	212458398	8252,8253
chr2	677427	49923,49924,49926,49927
chr2	10091574	50168,50169
chr2	10091823	50168,50169
chr2	10092121	50168
chr2	11484076	50269,50271
chr2	11484722	50269,50270,50271
chr2	11485004	50269,50270,50271,50272
chr2	20550186	50485
chr2	20550398	50485,50486
chr2	20550728	50485,50486
chr1	212458763	8252,8253
chr2	24307019	-1
chr2	24307316	50606
chr2	24307554	50606,50607
chr2	25474498	50698,50699
chr2	25474722	50698,50699
chr2	25475089	50698,50700
chr2	28974423	51038,51039
chr2	28974651	51038,51039
chr2	28975021	51038
chr2	36582661	51245,51246,51247
chr1	212458965	8252,8253
chr2	36582943	51245,51246,51247
chr2	36583524	51245,51246
chr2	43037418	51553,51554,51555
chr2	43421607	-1
chr2	43453128	51573,51576
chr2	43453724	51573,51574,51576
chr2	43454000	51574,51576
chr2	43454599	51574,51575,51576
chr2	44396049	51632
chr2	47596444	51816
chr1	212459573	-1
chr2	47596651	51816
chr2	47597111	-1
chr2	48132655	51860
chr2	48132873	51860
chr2	48133603	51860,51861
chr2	48541866	51865,51866
chr2	48542542	51865
chr2	48542746	51865
chr2	55845033	52090,52091,52092,52093
chr2	61697683	52232
chr1	228593984	8739,8741
chr2	61698244	52232,52233
chr2	61698531	52232,52233
chr2	61764521	52256,52258
chr2	61765356	52256,52257,52258
chr2	62932417	52291,52292
chr2	62932767	52291,52292
chr2	62933084	52291,52292
chr2	62933366	52292
chr2	65215967	52417,52418
chr2	65216227	52417,52418
chr1	228594230	8739,8741
chr2	65216515	52417,52418
chr2	65658964	-1
chr2	66661401	52477
chr2	70314093	52625,52626,52627,52628,52630
chr2	70314777	52625,52626,52627,52629,52630,52632
chr2	70335418	-1
chr2	70336074	-1
chr2	70336298	-1
chr2	70369924	-1
chr2	73339711	52814,52816
chr1	228594915	8739,8740,8741
chr2	73340007	52814,52815,52816
chr2	73340241	52814,52815,52816
chr2	73460651	52821,52822
chr2	74729674	52992,52995,52996
chr2	74730199	52993,52995,52996
chr2	74730419	52993,52994,52995,52996
chr2	85198295	53155,53156,53157
chr2	85765821	53205
chr2	85766101	53204,53205
chr2	85766349	53204,53205
chr1	229694435	8801
chr2	85766909	53204,53206,53207
chr2	86668532	53323,53324,53325
chr2	96874036	53508,53509,53511
chr2	96874265	53508,53509,53511
chr2	96874559	53508,53510,53511
chr2	96874761	53508,53510,53511
chr2	97481784	53604,53605
chr2	97482025	53604,53605
chr2	97482320	53604,53606
chr2	101767187	53857
chr1	229694658	8801
chr2	101869110	53859,53860,53861
chr2	101869396	53859,53860,53861
chr2	101869647	53859,53861
chr2	112655632	54142
chr2	112656216	54142
chr2	112656448	54142
chr2	112812904	54149
chr2	118846053	54363,54364
chr2	120517214	54403,54404,54405
chr2	120517496	54403,54404,54405
chr1	229694973	8801
chr2	120517774	54403,54405
chr2	122494296	54489,54490,54491
chr2	122494502	54489,54490,54491
chr2	122494778	54489,54490,54491
chr2	128145017	54550,54552,54553
chr2	128145555	54550,54551,54552,54553
chr2	128145812	54550,54551,54552,54553
chr2	128458293	54603,54604,54605,54607
chr2	128459092	54604,54605,54607
chr2	128459291	54604,54605,54607
chr1	3689387	408,409
chr1	234614014	-1
chr2	128459757	54605,54606,54607
chr2	128784802	54644
chr2	128785121	54644
chr2	128785385	54644
chr2	128785615	54644,54645
chr2	130939132	54694,54696,54698
chr2	130939338	54694,54696,54698
chr2	130939835	54694,54695,54696,54698
chr2	165697216	55499
chr2	165697860	-1
chr1	234614661	8938
chr2	165698062	55500
chr2	165698722	55500
chr2	171570334	55719,55722
chr2	171570535	55719,55722
chr2	171571128	55721,55722
chr2	171571922	55721,55722,55724
chr2	171572790	55721,55724,55726
chr2	172016529	55763,55764,55766
chr2	172017271	55765,55766
chr2	172017477	55765,55766
chr1	234614928	8938,8939
chr2	174828877	55904,55905,55906
chr2	174829625	55904,55905,55906
chr2	201981095	56876,56878,56879
chr2	201981302	56877,56878,56879
chr2	201981597	56877,56878,56879,56880
chr2	202316210	56914,56915
chr2	202316478	56914,56915
chr2	202316755	56914
chr2	208394681	57184,57185,57186
chr2	208394900	57184,57186
chr1	234744351	8948,8949,8950,8951
chr2	208395452	57184
chr2	208634428	57213,57214
chr2	208634640	57213,57214
chr2	208634901	57214
chr2	209119169	57238,57239
chr2	219134390	57580,57582
chr2	219134666	57580,57581,57582
chr2	219135230	57580,57581,57582
chr2	219262813	57613,57615
chr2	219263415	57613,57615
chr1	234744575	8948,8949,8950,8951
chr2	219263644	57615
chr2	219264413	57614,57615,57616,57617
chr2	220407918	57838,57839,57841
chr2	220408492	57839,57840,57841
chr2	220408781	57840,57841
chr2	220436201	57853,57854,57855,57856
chr2	220436817	57854,57855,57856
chr2	220437041	57854,57855,57856
chr2	231902265	58200
chr2	231902764	-1
chr1	234745266	8949,8950,8951
chr2	231902964	-1
chr2	232573560	58262,58265,58267
chr2	232574333	58264,58265,58267,58268
chr2	239197144	58614
chr2	239197426	58614
chr2	239197668	58614
chr2	242254716	58856,58857,58859
chr2	242255394	58856,58858,58859
chr2	242255606	58856,58858
chr2	242641253	58923,58925,58926,58928
chr1	234745888	8950,8952
chr2	242641482	58923,58925,58926,58928
chr2	242642122	58923,58925,58927,58928
chr2	242713509	-1
chr2	242714302	58947,58948
chr2	242714505	58947,58948
chr20	305895	58988,58989,58990,58991
chr20	306440	58988,58989,58990,58991
chr20	307284	58989,58991
chr20	327724	58993,58995,58996,58998
chr20	328351	58995,58997,58998,59000,59001
chr1	235667687	9013,9014,9015
chr20	328607	58995,58997,58998,59000,59001
chr20	388513	59009,59010,59011
chr20	389202	59009,59011
chr20	389404	59009,59011,59012
chr20	2082694	59124,59126
chr20	2083362	59125,59126,59127
chr20	2083618	59125,59126,59127
chr20	2083941	59125,59127,59128
chr20	3154107	59249,59250
chr20	3154390	59249,59250
chr1	235668023	9014,9015
chr20	3154975	59249
chr20	3185025	59257,59258
chr20	3388217	59282,59283
chr20	3388508	59282,59283
chr20	3388744	59283
chr20	4152364	59390
chr20	4152938	-1
chr20	4153217	59391
chr20	10414500	59638,59641
chr20	10414821	59639,59641
chr1	235668279	9014
chr20	10415341	59639,59640,59641
chr20	10654137	59654,59656
chr20	10654648	59654,59655,59656
chr20	10654942	59654,59655,59656
chr20	11871466	59660,59661
chr20	11871673	59660,59661
chr20	11871950	59661
chr20	17661983	59779,59780,59781
chr20	22410968	-1
chr20	22564200	-1
chr1	6506250	508,509
chr1	235668518	9014
chr20	22564863	-1
chr20	22565147	59969
chr20	22565403	59969
chr20	22566059	59969,59970
chr20	23330953	60001
chr20	23331453	60001
chr20	23331680	-1
chr20	25604474	60135,60136
chr20	25604818	60135,60136
chr20	25605074	60135,60137
chr1	236227710	9040,9042
chr20	30192208	60192,60193
chr20	30192950	60193
chr20	30193150	60193
chr20	30193978	-1
chr20	30308783	-1
chr20	30309761	60201
chr20	30310657	60201,60202
chr20	30311303	60201,60202,60203
chr20	30311547	60201,60202,60203
chr20	30946011	60280,60281,60283
chr1	236228396	9041,9042
chr20	32581736	60413,60414,60415
chr20	33413090	60507
chr20	33413344	60507,60508
chr20	33413574	60508
chr20	34204928	60607,60608
chr20	34329609	60639
chr20	34330207	60640
chr20	34330462	60640
chr20	39765486	60974,60975,60976,60977,60979
chr20	39765695	60974,60975,60976,60977,60979
chr1	236228601	9041,9042
chr20	39765979	60974,60976,60977,60979
chr20	39766225	60974,60977,60979
chr20	39766531	60974,60978,60979
chr20	39945766	61003,61004
chr20	39946020	61003,61004
chr20	39946324	61003,61005
chr20	40246499	-1
chr20	40246765	61027
chr20	40247089	61027,61028
chr20	44563377	61307,61309
chr1	244998438	9161,9162
chr20	47662887	61539
chr20	47663222	-1
chr20	47663422	-1
chr20	49547153	61707
chr20	49547377	61707
chr20	49547911	61707,61708
chr20	60640820	62065,62066
chr20	60641120	62065,62066
chr20	60641400	62065,62067
chr20	60718860	62080,62081
chr1	244998682	9162
chr20	60942347	62129
chr20	60942567	62129
chr20	60943139	62129
chr20	60943871	62129
chr20	60944102	62129
chr20	61425936	62175
chr20	61426873	62175
chr20	62370673	62391,62392,62393,62394
chr20	62370875	62391,62392,62393,62394
chr20	62371382	62391,62393,62394,62395
chr1	244998980	9162
chr20	62495670	62417,62419
chr20	62496365	62417,62418,62419
chr20	62496599	62417,62418,62419
chr20	62497286	62417,62418,62420
chr20	62610250	-1
chr20	62668155	62469
chr20	62685577	-1
chr21	27107203	62582,62583
chr21	27107905	62582,62584
chr21	27108155	62582,62584
chr1	245133847	9196
chr21	33104384	62672,62673
chr21	35014823	62784,62785,62786
chr21	36261216	62848,62849,62850,62851
chr21	37528601	62878,62880
chr21	37529150	62878,62879,62880
chr21	37529363	62878,62879
chr21	38739321	62967,62969,62970
chr21	45925631	-1
chr21	45925847	-1
chr21	45926377	-1
chr1	249132216	9277,9279
chr21	47743717	63593,63594,63596
chr21	47744332	63593,63595,63596
chr21	47744605	63593,63595,63596
chr22	19946921	63817,63818
chr22	19947194	63817,63818
chr22	19947442	63817,63818
chr22	29137792	64414,64415,64417
chr22	29138126	64414,64415,64417
chr22	29138374	64414,64416,64417
chr22	29279646	64429,64430,64432
chr1	249132495	9277,9279
chr22	31742033	64691,64692,64693,64694
chr22	31742281	64691,64692,64693,64694
chr22	31742870	64691,64692,64694
chr22	31743069	64692
chr22	38005094	65042
chr22	38054789	65066,65067
chr22	39101382	65217,65218
chr22	39102009	65217,65218
chr22	39102211	65218
chr22	39638194	65289,65291,65293
chr1	6662247	544,545
chr1	249132807	9278,9279
chr22	39638884	65289,65292,65293
chr22	41347048	65406,65407
chr22	41347374	65406,65407
chr22	41347597	65407
chr22	41842948	65479
chr22	41843623	65479,65480
chr22	41843830	65479,65480
chr22	41844370	65479,65480
chr22	42228647	65540,65541
chr22	42229187	65541
chr10	181178	9284,9286,9287,9289
chr22	42229453	-1
chr22	43044635	65643,65644
chr22	43045004	-1
chr22	43045547	65645
chr22	50311819	65985,65987
chr22	50312095	65986,65987
chr22	50312362	65986,65987
chr22	50353897	65993,65994
chr22	50964671	66122,66123
chr22	50969519	66127,66128
chr10	5931080	9509,9511
chr22	51021034	66137,66139,66141
chr22	51021239	66137,66139,66140,66141
chr22	51021578	66137,66140,66141
chr3	5020313	66203,66204,66205
chr3	5229050	66224,66225
chr3	5229339	66224,66225
chr3	5229592	66224
chr3	12329218	66480,66481
chr3	12329460	66480,66481
chr3	12330193	66481
chr10	5931806	9508,9510,9511
chr3	17783648	66756
chr3	17783855	66756
chr3	17784124	66756,66757
chr3	17784425	66757
chr3	31573567	66905,66907,66908
chr3	31574169	66906,66907,66908
chr3	31574449	66906,66908
chr3	31575141	66906,66909
chr3	32611951	66959
chr3	32612259	66960
chr10	5932007	9508,9510,9511
chr3	32612458	66960
chr3	33481831	67010
chr3	37034371	67041,67042,67043,67045
chr3	37034605	67041,67042,67043,67044,67045
chr3	37035269	67042,67043,67044
chr3	38179607	67124,67126,67127,67128
chr3	38180200	67124,67126,67127,67128,67129
chr3	38180409	67124,67127,67128,67129
chr3	38496347	67148,67150
chr3	43732398	67371
chr10	21822938	9853,9854,9855
chr3	43732666	-1
chr3	43732943	-1
chr3	49449148	67897,67898,67900
chr3	49449348	67897,67899,67900
chr3	49449846	67897,67899,67900
chr3	50340613	68059
chr3	50340942	68059,68060
chr3	50341145	68059,68060
chr3	52017470	68181,68182
chr3	52739700	68334,68335,68336
chr10	21823138	9853,9854,9855
chr3	110790690	69163,69164
chr3	119813301	69383,69385,69386,69387
chr3	125898756	69673,69674
chr3	126243019	69700
chr3	135914856	70132
chr3	135915084	70132
chr3	135915669	70132
chr3	135915872	70132
chr3	136470908	70152
chr3	136471213	70151,70152
chr10	21823910	9853,9855
chr3	136471515	70151,70152
chr3	142442932	70326
chr3	142443232	-1
chr3	142443774	-1
chr3	149688619	70480,70481,70482
chr3	149688923	70481,70482
chr3	149689143	70481,70482
chr3	152879331	70565,70566
chr3	171757460	70865,70866,70867
chr3	171758237	70866,70867,70868
chr10	30722803	10090,10091,10092
chr3	171758441	70866,70867,70868
chr3	177076891	-1
chr3	185542966	71241,71242,71243,71244
chr3	193852327	71449,71450
chr3	193852651	71449,71450
chr3	193852850	71449,71450
chr3	197024512	71648,71650
chr3	197024840	71647,71648,71650
chr3	197025397	71647,71649,71650
chr4	667408	71756,71757,71760
chr10	30723079	10090,10091,10092
chr4	668055	71756,71758,71759,71760
chr4	668305	71756,71758,71759,71760
chr4	986694	-1
chr4	6785257	72230
chr4	38665867	72626,72627,72628,72629
chr4	39529008	72693,72694
chr4	39529328	72693,72694
chr4	39529530	72693,72694,72695
chr4	40057661	72731
chr4	40058350	72731
