chr1	1014901	-1
chr1	1015262	-1
chr1	110881448	4945,4947,4948
chr20	31127948	-1
chr20	34770448	-1
chr20	34770816	-1
chr20	34771357	60681
chr20	48598684	61645,61646
chr20	48737846	-1
chr20	49006181	-1
chr22	31364370	64634,64635,64637,64639
chr22	31364741	64634,64635,64637,64639
chr22	31365162	64634,64635,64636,64637,64639,64640
chr1	110881820	4946,4947,4948
chr22	50825974	66084
chr3	61236542	-1
chr3	113465204	69248,69249,69250
chr3	113465540	69248,69249,69250
chr3	113465815	69248,69249,69250
chr3	193852929	71449,71450
chr4	3832034	-1
chr4	3832368	-1
chr4	3833006	-1
chr4	6541176	-1
chr10	88162469	11408
chr6	86352672	82481,82482,82483
chr6	146056023	83895
chr6	146056393	-1
chr6	146056764	83896
chr6	158375367	-1
chr6	158375679	-1
chr6	158376073	-1
chr7	25991822	-1
chr7	100166336	-1
chr7	100167291	-1
chr10	88162780	11408
chr7	150065872	89045,89047,89048
chr8	22409699	90022,90024,90025
chr8	22410219	90022,90024,90025,90026
chr8	22410648	90022,90024,90025,90026
chr8	28747076	90327,90328
chr8	28747508	90326,90327,90328
chr8	28747896	90326,90327,90328
chr8	143484552	92208,92209
chr9	34048928	93131
chr9	34049247	93131,93132
chr10	88163111	-1
chr9	34049484	93131,93132
chr9	93958764	-1
chr9	125027062	94998,94999,95000
chr9	138886311	-1
chr9	138886786	-1
chr9	138887248	-1
chr10	91135002	-1
chr10	102757466	12101
chr10	102758393	12102
chr11	62538424	15501
chr11	62538747	15501
chr1	1015702	-1
chr11	62539065	15501
chr11	63933125	-1
chr11	65189765	15903
chr14	23372426	25349
chr14	24583353	25562,25563,25565
chr14	39644297	26087
chr14	58894305	26510,26511,26512,26513,26514
chr14	65569289	26745
chr14	65569598	26745
chr14	65569985	26745
chr1	8938374	665
chr14	104346899	-1
chr15	65336728	30032
chr15	65337221	30032
chr15	65337621	30032
chr15	67813030	30191
chr15	67813382	30190,30191
chr15	67813989	30190,30192
chr16	4322390	32389
chr16	4323037	32389,32390
chr16	4323340	32389,32390
chr1	8938816	665,666
chr16	4714302	32454
chr16	14595591	-1
chr16	14595946	-1
chr16	14596577	-1
chr16	30441129	-1
chr16	30441416	33783
chr16	30441921	33783
chr16	57769609	34646,34647
chr16	57770116	34647
chr16	57770587	34647
chr1	8939350	665,666,667
chr16	75467939	35678
chr17	8124855	-1
chr17	37310099	38914,38915
chr17	38255399	-1
chr17	38708198	-1
chr17	58469902	40992
chr17	62502432	41300,41301,41302
chr17	62502790	41301,41302
chr17	62503324	41302
chr17	72510333	-1
chr1	25238003	-1
chr17	72510722	-1
chr17	72511114	-1
chr17	73030612	-1
chr17	73031219	-1
chr17	74733697	42144,42147,42148,42150
chr17	76879742	-1
chr17	76880045	-1
chr17	76880505	-1
chr17	79953199	42804,42805,42806,42807
chr17	79953748	42804,42806,42807
chr1	43148014	3049,3050,3051
chr17	79954026	42804,42806,42807
chr17	80060245	-1
chr19	2427583	44768
chr19	6752783	-1
chr19	14544131	46210
chr19	14544765	-1
chr19	14545130	-1
chr19	17337107	46474,46475,46476
chr19	17337400	46475,46476
chr19	17338011	46476
chr1	47657425	3463
chr19	19144719	46789,46790,46791
chr19	39390273	47614,47615
chr19	39390567	47614,47615
chr19	39390859	47614
chr19	55792264	49503,49504
chr2	8714198	-1
chr2	20792517	50497
chr2	20793078	50496,50497
chr2	20793479	50496,50497
chr2	27273615	50844
chr1	110881087	4944,4945,4947
chr2	113403454	54210,54211,54213,54214,54215
chr2	198364655	56715,56716,56717,56718,56719
chr2	227665372	58013,58014,58015
chr2	241525760	58722,58723,58725
chr2	241526100	58722,58724,58725
chr2	241526441	58722,58724
chr2	242711717	-1
chr20	20692703	-1
chr20	31127002	-1
chr20	31127328	-1
