chr1	1014906	-1
chr1	1015680	-1
chr1	5747161	-1
chr1	180991438	-1
chr20	10414745	59639,59641
chr20	10415283	59639,59640,59641
chr20	10547064	-1
chr20	10547120	-1
chr20	10547809	-1
chr20	13765555	59703,59704,59705
chr20	13765563	59703,59704,59705
chr20	13766252	59704,59706
chr20	16556303	-1
chr20	17592029	-1
chr1	180992133	7251
chr20	17856131	-1
chr20	17856149	-1
chr20	17856711	-1
chr20	17862530	-1
chr20	17863299	-1
chr20	17863315	-1
chr20	17948410	59793,59795,59796
chr20	17949307	59793,59794,59795,59796,59797,59798
chr20	17949325	59793,59794,59795,59796,59797,59798
chr20	18269443	59815
chr1	180992142	7251
chr20	20032205	59892,59894
chr20	20692721	-1
chr20	20693553	59920
chr20	20693560	59920
chr20	20694299	59920
chr20	20694322	59920
chr20	21283938	59933,59934
chr20	21283952	59933,59934
chr20	21284491	59933,59935
chr20	22470993	-1
chr1	202317700	7696
chr20	22471621	-1
chr20	22471648	-1
chr20	22492733	-1
chr20	22492749	-1
chr20	22493355	-1
chr20	22493389	-1
chr20	22514343	-1
chr20	22514882	-1
chr20	22514901	-1
chr20	23341983	60005
chr1	202317780	7696
chr20	23342506	60004,60005
chr20	23342508	60004,60005
chr20	23567017	-1
chr20	23567630	-1
chr20	23567647	-1
chr20	23640737	-1
chr20	23641278	-1
chr20	23641280	-1
chr20	25290626	-1
chr20	25519857	-1
chr1	202318384	-1
chr20	25519875	-1
chr20	25520528	-1
chr20	25603916	60136
chr20	25603929	60136
chr20	25604682	60135,60136
chr20	26189569	60158
chr20	26190011	60158,60159
chr20	26190050	60158,60159
chr20	26190436	60158,60159
chr20	29518773	-1
chr1	207097486	8089
chr20	29651857	-1
chr20	29818481	-1
chr20	30148043	60185
chr20	30148676	60185
chr20	30148734	60185
chr20	30149292	60185
chr20	30697508	60245
chr20	30697527	60245
chr20	30698063	-1
chr20	31407554	60321,60322
chr1	222638314	-1
chr20	31407563	60321,60322
chr20	31408258	60322
chr20	31596708	60333
chr20	31596721	60333
chr20	31597319	60333
chr20	32699744	-1
chr20	32890387	-1
chr20	32890749	60450
chr20	32891156	60450,60451
chr20	33103510	60463
chr1	222638352	-1
chr20	33104176	60462,60463
chr20	33293400	-1
chr20	33294155	-1
chr20	33300238	60493
chr20	33301069	60493
chr20	33301089	60493
chr20	33412641	60507
chr20	33413570	60508
chr20	33413583	60508
chr20	33761754	60558
chr1	222638985	-1
chr20	33762198	60558
chr20	33762619	60558,60559
chr20	34042628	60588,60589,60590
chr20	34042634	60588,60589,60590
chr20	34043606	60588,60590
chr20	34043626	60588,60590
chr20	34286683	60623
chr20	34359931	60642
chr20	34359937	60642
chr20	34360438	-1
chr1	8229979	-1
chr1	222639002	-1
chr20	35912534	-1
chr20	35913287	-1
chr20	36661705	60850,60851
chr20	37376367	60924
chr20	37376385	60924
chr20	37376957	60924,60925
chr20	40321491	-1
chr20	40321507	-1
chr20	40322353	-1
chr20	42085944	61044,61045,61046
chr1	222886130	8452,8453,8454,8455
chr20	42086542	61044,61045,61046
chr20	42086935	61045,61046
chr20	42086961	61045,61046
chr20	43075652	-1
chr20	43365099	-1
chr20	43365111	-1
chr20	43365515	-1
chr20	43969027	-1
chr20	43969776	-1
chr20	43969785	-1
chr1	222886145	8452,8453,8454,8455
chr20	43971123	-1
chr20	43971148	-1
chr20	43971887	61224
chr20	44441000	61272,61273
chr20	44441006	61272,61273
chr20	44441740	61273
chr20	44563258	61307,61309
chr20	44563961	61308
chr20	44563980	61308
chr20	45988542	61469
chr1	222886632	8452,8454,8455
chr20	46911748	-1
chr20	46911767	-1
chr20	46912663	-1
chr20	47538235	61525
chr20	47538252	61525
chr20	47539109	-1
chr20	48227385	-1
chr20	48227710	-1
chr20	48227773	-1
chr20	48532440	61637
chr1	225887960	8549
chr20	48532478	61637
chr20	48533130	61637
chr20	48533962	61637
chr20	48533972	61637
chr20	48731925	-1
chr20	48732526	61658,61659
chr20	48732904	61658,61659
chr20	48859499	-1
chr20	48859512	-1
chr20	48860007	-1
chr1	225887982	8549
chr20	48909242	61675
chr20	48909278	61675
chr20	48909905	-1
chr20	48909915	-1
chr20	48911527	-1
chr20	49056386	-1
chr20	49057180	-1
chr20	49057184	-1
chr20	49347190	61693
chr20	49347746	61693
chr1	225888948	-1
chr20	49347770	61693
chr20	52328458	-1
chr20	52328466	-1
chr20	52329235	-1
chr20	52749945	-1
chr20	52749947	-1
chr20	52750711	-1
chr20	56134538	61854,61855
chr20	56135507	61854,61855,61856
chr20	56135532	61854,61855,61856
chr1	230844044	-1
chr20	56142860	-1
chr20	56143335	-1
chr20	56143362	-1
chr20	56161690	-1
chr20	56162495	-1
chr20	56162503	-1
chr20	56578810	-1
chr20	56578835	-1
chr20	56579274	-1
chr20	57606882	-1
chr1	230844491	8843
chr20	57606903	-1
chr20	57607827	61985
chr20	60812486	62098
chr20	60813253	62098
chr20	60813271	62098
chr20	60981710	62138,62139,62140,62141
chr20	60981735	62138,62139,62140,62141
chr20	60982439	62139,62140,62142
chr20	60987384	-1
chr20	60987841	62143
chr1	230844499	8843
chr20	60987851	62143
chr20	61298319	62165,62166
chr20	61298336	62165,62166
chr20	61298880	62165,62166
chr20	61449489	62183
chr20	61449915	62183
chr20	61450234	62183
chr20	61507034	-1
chr20	61507052	-1
chr20	61507505	-1
chr1	8229988	-1
chr1	234747803	8953,8954
chr20	61584075	62221,62222,62223
chr20	61584687	62221
chr20	61584773	62221
chr20	61585762	62221
chr20	61816760	-1
chr20	61816763	-1
chr20	61817598	-1
chr20	61846961	62252,62254
chr20	61847696	62252,62253,62255
chr20	61847714	62252,62253,62255
chr1	234748584	8953,8954
chr20	62579518	-1
chr20	62580349	-1
chr20	62580356	-1
chr20	62611764	62457,62458,62459
chr20	62611768	62457,62458,62459
chr20	62612405	62457,62458,62459
chr21	44394120	63217
chr21	44394667	63217,63218
chr21	44394681	63217,63218
chr21	45669389	-1
chr1	234748595	8953,8954
chr21	45670364	-1
chr22	19419359	63757,63758,63760
chr22	21213106	63938,63939,63940
chr22	21213113	63938,63939,63940
chr22	21214068	63938,63939
chr22	21356077	63974,63975,63976,63977,63978
chr22	21356082	63974,63975,63976,63977,63978
chr22	21356563	63974,63975,63977,63978
chr22	24236971	64210
chr22	24237715	64209
chr1	234749552	-1
chr22	24237723	64209
chr22	24946496	-1
chr22	24946525	-1
chr22	24947182	-1
chr22	26879776	64343,64344,64345,64346
chr22	26879794	64343,64344,64345,64346
chr22	26880486	64345
chr22	26880497	64345
chr22	30614409	-1
chr22	30614427	-1
chr1	234914607	-1
chr22	30615274	-1
chr22	36461948	-1
chr22	36461957	-1
chr22	36462410	-1
chr22	38577081	65143
chr22	38577857	65143,65144
chr22	38577866	65143,65144
chr22	39637149	65289,65290,65291
chr22	39637164	65289,65290,65291
chr22	39637616	65289,65291
chr10	769378	-1
chr22	42765140	65608
chr22	42765848	65608
chr22	42765866	65608
chr22	49001878	-1
chr22	49001897	-1
chr22	49002742	-1
chr22	50963144	66122
chr22	50964086	66122,66123
chr22	50964109	66122,66123
chr3	4344922	66174,66175,66176
chr10	770077	-1
chr3	4345264	66174,66176
chr3	4345289	66174,66176
chr3	5019507	66204,66205
chr3	5020016	66204,66205
chr3	5020031	66204,66205
chr3	5020892	66203,66205
chr3	5020903	66203,66205
chr3	5021559	66203,66206
chr3	5027731	-1
chr3	23986756	66797
chr10	770086	-1
chr3	23987491	66798
chr3	23987507	66798
chr3	39332916	-1
chr3	39333555	-1
chr3	39333584	-1
chr3	39424811	67204,67206
chr3	39424826	67204,67206
chr3	39425767	67205,67206
chr3	44903340	67407
chr3	44903356	67407
chr10	3828181	9421,9422
chr3	44903999	-1
chr3	49760875	67948
chr3	49760891	67948
chr3	49761550	67950
chr3	50654588	68108,68109
chr3	50654614	68108,68109
chr3	50655188	-1
chr3	51976317	68155,68156,68157
chr3	52016697	68182
chr3	52017475	68181,68182
chr10	8215318	-1
chr3	52017496	68181,68182
chr3	52570451	68308,68309
chr3	52570454	68308,68309
chr3	52571145	-1
chr3	52571162	-1
chr3	57541744	68490,68491,68492,68493
chr3	57541752	68490,68491,68492,68493
chr3	57542582	68490,68492,68493
chr3	58448874	-1
chr3	58449649	-1
chr1	8230443	-1
chr10	8216000	-1
chr3	58449665	-1
chr3	61236577	-1
chr3	67704502	68753
chr3	67704505	68753
chr3	67705422	68752
chr3	75800014	-1
chr3	128444918	69819
chr3	128444933	69819
chr3	128445733	-1
chr3	128445748	-1
chr10	8216004	-1
chr3	134204164	70113,70115
chr3	134204843	70114,70115
chr3	134204862	70114,70115
chr3	150454877	-1
chr3	150454881	-1
chr3	150455255	-1
chr3	170587160	-1
chr3	170588020	70825
chr3	170588063	70825
chr3	177076837	-1
chr10	43915989	-1
chr3	177076899	-1
chr3	177077432	-1
chr3	183353392	71041,71042
chr3	183353410	71041,71042
chr3	183354119	71042
chr3	183354156	-1
chr3	184095219	71186
chr3	184095563	71186
chr3	184095957	71186,71187
chr3	184096471	71187,71189
chr10	43916599	-1
chr3	195458002	-1
chr3	195458492	-1
chr3	195458511	-1
chr3	197192969	-1
chr4	53959	-1
chr4	775660	71788
chr4	775668	71788
chr4	776245	71788
chr4	3775390	-1
chr4	3775393	-1
chr10	43916622	-1
chr4	3776386	-1
chr4	3832349	-1
chr4	3832994	-1
chr4	3833001	-1
chr4	7075493	-1
chr4	7075500	-1
chr4	7075939	-1
chr4	9965116	-1
chr4	9965176	-1
chr4	9965587	-1
chr10	44359308	-1
chr4	18022407	-1
chr4	18022417	-1
chr4	18023392	72477
chr4	18023410	72477
chr4	25161923	72538,72539,72540
chr4	25162593	72538,72539
chr4	25162601	72538,72539
chr4	41937109	72772
chr4	41937887	-1
chr4	41937893	-1
chr10	44359779	-1
chr4	53579166	72873
chr4	53579171	72873
chr4	53579800	-1
chr4	56719284	72937
chr4	56719828	72937
chr4	56719835	72937
chr4	76649609	73188,73189
chr4	76649629	73188,73189
chr4	76650375	73188
chr4	83350907	73353,73355,73357
chr10	44359802	-1
chr4	83351670	73355,73356,73357
chr4	83351711	73355,73356,73357
chr4	190510698	-1
chr4	190511254	-1
chr4	190511274	-1
chr4	190611813	-1
chr4	190611828	-1
chr4	190612669	-1
chr5	756370	74793
chr5	757123	74793
chr10	44754139	-1
chr5	757145	74793
chr5	757749	74793
chr5	1800010	74884,74886
chr5	1800031	74884,74886
chr5	1800760	74884,74886
chr5	1800796	74884,74886
chr5	56594973	-1
chr5	56594990	-1
chr5	56595938	-1
chr5	80256130	76253
chr10	44754958	-1
chr5	80256149	76253
chr5	80257104	-1
chr5	106211710	-1
chr5	106212532	-1
chr5	106212534	-1
chr5	131132057	76908
chr5	131132841	76908,76909
chr5	131132866	76908,76909
chr5	131892647	76950,76951
chr5	131892664	76950,76951
chr1	8299790	-1
chr10	44754976	-1
chr5	131893325	-1
chr5	137801474	77322,77323
chr5	137801479	77322,77323
chr5	137802271	77322,77323,77326
chr5	139781296	77484,77485,77486
chr5	140998807	77653
chr5	140998836	77653
chr5	140999742	77653
chr5	159592085	-1
chr5	159592818	-1
chr10	45473503	10339,10340
chr5	159592838	-1
chr5	170814849	78372
chr5	170815572	-1
chr5	170815592	-1
chr5	171590433	-1
chr5	171591258	-1
chr5	171591274	-1
chr5	171591799	-1
chr5	179246115	78795,78796
chr5	179246122	78795,78796
chr10	45474264	10340,10341
chr5	179246571	78796
chr6	7239254	-1
chr6	7239282	-1
chr6	7239914	-1
chr6	24775166	79753,79754
chr6	24775186	79753,79754
chr6	24775676	79754,79755
chr6	26537967	79913
chr6	31633802	80447,80448,80450
chr6	31633805	80447,80448,80450
chr10	45474282	10340,10341
chr6	31634584	80447,80449,80450,80451
chr6	32015307	80610,80611
chr6	32015981	80611,80612
chr6	32936616	80722,80723,80724
chr6	32936620	80722,80723,80724
chr6	32937362	80722,80724,80725
chr6	33216594	-1
chr6	33216997	-1
chr6	33217508	-1
chr6	33678773	-1
chr10	60028007	10502,10504,10505
chr6	33679208	-1
chr6	33679217	-1
chr6	35437634	81015
chr6	35437643	81015
chr6	35438333	-1
chr6	35695449	-1
chr6	35695464	-1
chr6	35696095	-1
chr6	36561558	81120,81121
chr6	36562082	81121
chr10	60028884	10502,10504,10505
chr6	36562097	81121
chr6	39082462	81296
chr6	39083013	81297
chr6	39083020	81297
chr6	74363002	82321,82323
chr6	74363020	82321,82323
chr6	74363443	82321,82323
chr6	109703686	82817,82818,82819
chr6	109704024	82818,82819,82820
chr6	109704044	82818,82819,82820
chr10	60028889	10502,10504,10505
chr6	138187884	83651
chr6	138188331	83651
chr6	138188334	83651
chr6	150326490	84049
chr6	150326495	84049
chr6	150326974	84049
chr6	158653176	84354
chr6	158653195	84354
chr6	158654012	84355
chr6	169470899	-1
chr10	73610539	-1
chr6	169471680	-1
chr6	169471685	-1
chr7	766220	-1
chr7	766240	-1
chr7	767213	84944
chr7	16439279	-1
chr7	25990918	85630
chr7	25990937	85630
chr7	25991802	-1
chr7	25991819	-1
chr10	73611019	10908
chr7	32929749	-1
chr7	32930258	85880
chr7	32930260	85880
chr7	43965575	86083,86085
chr7	43965597	86083,86085
chr7	43966287	86082,86084,86085
chr7	64895471	-1
chr7	64895896	-1
chr7	64895912	-1
chr7	99070324	87281
chr10	73611038	10908
chr7	99070346	87281
chr7	99070965	-1
chr7	100167279	-1
chr7	100167300	-1
chr7	100167936	-1
chr7	134575475	88565
chr7	134576244	88565
chr7	134576265	88565
chr7	139025320	88705,88706
chr7	139025333	88705,88706
chr1	8299808	-1
chr10	74069304	-1
chr7	139026050	88706
chr7	150065214	89044,89045,89047
chr7	150065867	89045,89047,89048
chr7	150065883	89045,89047,89048
chr7	155743750	-1
chr7	155743768	-1
chr7	155744624	-1
chr7	156407613	-1
chr7	156407638	-1
chr7	156408377	-1
chr10	74079859	-1
chr8	15496501	-1
chr8	15496562	-1
chr8	15496762	-1
chr8	17472067	-1
chr8	17472462	-1
chr8	17472475	-1
chr8	17941090	89824,89826
chr8	17941640	89822,89824,89826
chr8	17941657	89822,89823,89824,89826
chr8	22102154	89991
chr10	74079872	-1
chr8	22102812	89990,89991
chr8	22102843	89990,89991
chr8	22223971	90002
chr8	22224675	90002
chr8	22224684	90002
chr8	22225388	-1
chr8	25316054	90166,90167,90168
chr8	25316084	90166,90167,90168
chr8	25316533	90166,90167,90168
chr8	26240496	90186,90187
chr10	74080714	-1
chr8	26240516	90186,90187
chr8	26241331	90186
chr8	26241335	90186
chr8	28259658	90302
chr8	28259676	90302
chr8	28260219	90303
chr8	39961646	-1
chr8	39961983	-1
chr8	39961997	-1
chr8	42911963	90693
chr10	89622052	11478,11480
chr8	42912621	-1
chr8	42912634	-1
chr8	82644643	91150,91151
chr8	82754450	91154,91155
chr8	82754457	91154,91155
chr8	82754937	91155
chr8	98787972	91368
chr8	98787982	91368
chr8	98788687	91369
chr8	103819784	91555,91557,91558
chr10	89622054	11478,11480
chr8	103819796	91555,91557,91558
chr8	103820780	91557,91558
chr8	104426663	91595,91597
chr8	104427561	91596,91597
chr8	104427572	91596,91597
chr8	134461003	-1
chr8	141636198	-1
chr8	141636685	-1
chr8	141636691	-1
chr8	142402058	92191
chr10	89622562	11480,11481
chr8	142402060	92191
chr8	142402746	92192
chr9	5832555	92789,92790
chr9	5832560	92789,92790
chr9	5833076	92791
chr9	32551248	93032,93033,93034
chr9	32552246	93032,93034
chr9	32572438	-1
chr9	32572450	-1
chr9	32573175	93038
chr10	98436982	-1
chr9	33139439	-1
chr9	33139958	-1
chr9	33139978	-1
chr9	34048907	93131
chr9	34049238	93131,93132
chr9	34049288	93131,93132
chr9	73027082	93577
chr9	73027097	93577
chr9	73027708	93577
chr9	73033492	-1
chr10	98437428	-1
chr9	73033509	-1
chr9	73034217	-1
chr9	74526505	93597,93598
chr9	74526523	93597,93598
chr9	74526946	93597
chr9	91320898	-1
chr9	91321426	-1
chr9	91321445	-1
chr9	95834018	-1
chr9	95834024	-1
chr10	98437453	-1
chr9	95834984	-1
chr9	96793035	94043
chr9	96793042	94043
chr9	96793855	-1
chr9	96793860	-1
chr9	96928207	94050
chr9	96928225	94050
chr9	96929100	-1
chr9	98273107	94122
chr9	98273836	-1
chr1	8300357	-1
chr10	99258257	11900,11902
chr9	98273842	-1
chr9	101464445	-1
chr9	101465318	-1
chr9	101465322	-1
chr9	110130266	-1
chr9	110131227	94423
chr9	110131255	94423
chr9	112239421	-1
chr9	112239867	-1
chr9	112239876	-1
chr10	99258259	11900,11902
chr9	115513943	94635,94636
chr9	115513946	94635,94636
chr9	115514420	94635,94636
chr9	125027141	94998,94999,95000
chr9	125027769	94998,95000
chr9	125027783	94998,95000
chr9	130369923	-1
chr9	130369927	-1
chr9	130370769	-1
chr9	130370774	-1
chr10	99258464	11900,11901,11902
chr9	137536688	-1
chr9	137536701	-1
chr9	137537375	-1
chr9	137537396	-1
chr9	140188859	96509,96511
chr9	140188883	96509,96511
chr9	140189589	96511
chr9	140470629	96551
chr9	140471433	96551
chr9	140471459	96551,96553
chr10	102133201	12050
chr9	140471867	96553
chrX	41192793	96893,96894,96895,96897
chrX	41192799	96893,96894,96895,96897
chrX	41193500	96894,96895,96897
chrX	54556225	97183
chrX	54556237	97183
chrX	54556897	97182
chrX	118108528	97489,97490,97491
chrX	118108546	97489,97490,97491
chrX	118109234	97490,97491
chr10	102133205	12050
chr10	102134161	-1
chr10	102756620	12100,12101
chr10	102756634	12100,12101
chr10	102757441	12101
chr10	103454984	12161
chr1	8300359	-1
chr10	103455004	12161
chr10	103455459	12161
chr10	103892550	12213,12215
chr10	103892578	12213,12215
chr10	103893439	12214,12215
chr10	103893460	12214,12215
chr10	104677349	12333,12334
chr10	104677877	12333,12334,12335
chr10	104677905	12333,12334,12335
chr10	105880752	12423,12424,12425
chr1	11796100	899
chr10	105880758	12423,12424,12425
chr10	105881295	12424,12425
chr10	119135164	12730,12731,12733
chr10	119135214	12730,12731,12733
chr10	119136029	12730,12731,12733
chr10	120513910	-1
chr10	120514721	12753
chr10	120514734	12753
chr10	129267109	-1
chr10	129267128	-1
chr1	11796102	899
chr10	129267568	-1
chr10	131909148	13088,13089,13090
chr10	134004831	-1
chr10	134005569	-1
chr10	134005588	-1
chr11	777530	13326,13327,13328
chr11	777546	13326,13327,13328
chr11	778431	13326,13327,13329
chr11	3818799	13669,13670
chr11	3819292	13669,13670
chr1	1015699	-1
chr1	11797043	-1
chr11	3819305	13669,13670
chr11	9594393	13927,13928,13930,13931
chr11	9594413	13927,13928,13930,13931
chr11	9595176	13929,13930,13931,13932
chr11	9595187	13929,13930,13931,13932
chr11	12065645	-1
chr11	12065651	-1
chr11	12065995	-1
chr11	12867702	-1
chr11	12867716	-1
chr1	19393674	-1
chr11	12868414	-1
chr11	18343786	14254,14256
chr11	18344076	14254,14255,14256
chr11	18344092	14254,14255,14256
chr11	61101232	15252,15255
chr11	61296959	15298
chr11	61297530	-1
chr11	61297541	-1
chr11	61559675	15340,15342
chr11	61560354	15341,15342
chr1	19393718	-1
chr11	61560356	15341,15342
chr11	62538726	15501
chr11	62538742	15501
chr11	62539083	15501
chr11	63705709	15610
chr11	63706671	15610
chr11	63706682	-1
chr11	64267867	-1
chr11	64267884	-1
chr11	64268318	-1
chr1	19394217	-1
chr11	65188805	15903
chr11	65188854	15903
chr11	65189791	15903
chr11	65190290	15902,15903
chr11	65255238	-1
chr11	65255254	-1
chr11	65255672	-1
chr11	65319612	15958
chr11	65320166	15958,15959
chr11	65320173	15958,15959
chr1	19394235	-1
chr11	66822570	16265
chr11	66822583	16265
chr11	66823401	16265
chr11	72948171	16740
chr11	72949050	16740
chr11	72949057	16740
chr11	75945942	-1
chr11	76499491	-1
chr11	76500112	-1
chr11	86710678	-1
chr1	22777315	1606
chr11	86711619	-1
chr11	86711642	-1
chr11	93862565	17302
chr11	93862571	17302
chr11	93863302	17302
chr11	102524785	-1
chr11	102524804	-1
chr11	102524984	-1
chr11	107879621	17473
chr11	107879637	17473
chr1	22778287	1606
chr11	107880420	17474
chr11	117186127	17797,17798
chr11	117186134	17797,17798
chr11	117187037	17799
chr11	119251959	18113
chr11	119252529	18112,18113
chr11	119252541	18112,18113
chr12	6179769	-1
chr12	6180330	-1
chr12	6180347	-1
chr1	22778289	1606
chr12	6444850	18817,18818
chr12	6445417	18818
chr12	6445450	18818
chr12	6493170	18829,18831
chr12	6493192	18829,18831
chr12	6494086	18830,18831
chr12	6643723	18865,18866
chr12	6644319	18866,18867,18868
chr12	6644357	18866,18867,18868
chr12	7079334	19023,19025
chr1	26798898	1920,1922,1923,1924
chr12	14923024	19351
chr12	31881417	19615
chr12	31881426	19615
chr12	31882051	19614,19615
chr12	50505032	20125,20126
chr12	50505954	20125,20126
chr12	50505961	20125,20126
chr12	53886978	20474
chr12	53886989	20474
chr12	53887557	-1
chr1	26798916	1920,1922,1923,1924
chr12	54674057	20547,20548,20549
chr12	56109810	20595,20596
chr12	56109819	20595,20596
chr12	56110293	20595
chr12	57504689	20881
chr12	57984975	21012
chr12	57984978	21012
chr12	57985788	21013
chr12	62996568	-1
chr12	62996585	-1
chr1	1910518	-1
chr1	26799646	1921,1922,1923,1924,1925
chr12	62997120	21119,21120
chr12	62997523	21119,21120
chr12	90103138	21567,21568,21569
chr12	90103156	21567,21568,21569
chr12	90104018	21567,21569
chr12	104680475	21882
chr12	104680493	21882
chr12	104681172	21883
chr12	108439389	-1
chr12	108440125	-1
chr1	28051602	2064
chr12	108440131	-1
chr12	110433425	-1
chr12	110434223	22157
chr12	110434237	22157
chr12	111028060	-1
chr12	111028767	-1
chr12	111028782	-1
chr12	113622806	22359,22360
chr12	113623343	22358,22359,22360
chr12	113623358	22358,22359,22360
chr1	28052276	2064
chr12	113624030	22358,22360
chr12	117565500	-1
chr12	117565808	-1
chr12	117566303	-1
chr12	122501450	22782,22783
chr12	122502172	22783
chr12	122502177	22783
chr12	124837482	-1
chr12	124837496	-1
chr12	124838438	-1
chr1	28052278	2064
chr12	125335582	-1
chr12	125335587	-1
chr12	125336083	-1
chr12	132568633	23165
chr12	132568639	23165
chr12	132569052	23165
chr12	132569640	-1
chr12	132569658	-1
chr13	21872290	23353
chr13	21872292	23353
chr1	29211660	2163
chr13	21872752	-1
chr13	24462868	23388
chr13	24463559	23389
chr13	24463576	23389
chr13	28195547	23469,23471,23472,23473
chr13	28195578	23469,23471,23472,23473
chr13	28196065	23469,23471,23473
chr13	49788681	-1
chr13	49789361	-1
chr13	49789397	-1
chr1	29211668	2163
chr13	50697742	24032,24033
chr13	50698648	24033,24034,24035,24037,24038
chr13	50698665	24033,24034,24035,24037,24038
chr13	60970527	24152,24153
chr13	60970541	24152,24153
chr13	60970982	24153
chr13	96328475	24344
chr13	96329065	24343,24344
chr13	96329391	24343,24344
chr13	113874083	-1
chr1	29212106	2163
chr13	113874519	-1
chr13	113874549	-1
chr14	23067176	25310
chr14	23067206	25310
chr14	23067849	25311
chr14	23372386	25349
chr14	23372901	25349
chr14	23372914	25349
chr14	23447386	25371,25373,25374
chr14	24110615	25531
chr1	33703350	-1
chr14	24111303	25531
chr14	24112236	25531
chr14	24113155	25532,25533
chr14	24113213	25532,25533
chr14	24113831	25532,25533
chr14	24114225	25532,25533
chr14	24114392	25532,25533
chr14	24117191	-1
chr14	24117627	-1
chr14	24911552	25702,25705
chr1	33703354	-1
chr14	24911568	25702,25705
chr14	24912052	25704,25705
chr14	31220798	-1
chr14	31220818	-1
chr14	31221303	-1
chr14	31733007	-1
chr14	31733854	-1
chr14	31733862	-1
chr14	35816381	-1
chr14	35816399	-1
chr1	33704109	-1
chr14	35816983	-1
chr14	35817014	-1
chr14	40479745	-1
chr14	40480297	-1
chr14	40480336	-1
chr14	50778975	26216,26217,26219
chr14	50778994	26216,26217,26219
chr14	50779730	26216,26218,26219
chr14	61569559	-1
chr14	61569566	-1
chr1	1910969	-1
chr1	33704128	-1
chr14	61570226	-1
chr14	64108355	26648,26650
chr14	64108358	26648,26650
chr14	64108841	26648,26649,26650
chr14	93502322	-1
chr14	93502808	-1
chr14	93502831	-1
chr14	95354548	-1
chr14	95354566	-1
chr14	95355229	-1
chr1	39324708	2791,2793,2794
chr14	95355240	-1
chr14	104346920	-1
chr14	104346936	-1
chr14	104347789	-1
chr14	106803144	-1
chr15	41186629	28927
chr15	41186662	28927
chr15	41187245	-1
chr15	41913662	29011
chr15	41913673	29011
chr1	39325555	2792,2793,2794
chr15	41914223	-1
chr15	65325533	-1
chr15	65326236	-1
chr15	65326253	-1
chr15	65336725	30032
chr15	65336731	30032
chr15	65337622	30032
chr15	65337639	30032
chr15	65348432	-1
chr15	65349363	-1
chr1	39325576	2792,2793,2794
chr15	67813422	30190,30191
chr15	67813977	30190,30192
chr15	67813998	30190,30192
chr15	68521768	30228
chr15	68521788	30228
chr15	68522440	30227
chr15	68522460	30227
chr15	69687077	-1
chr15	69688010	-1
chr15	69688024	-1
chr1	40282512	-1
chr15	70909542	-1
chr15	70909550	-1
chr15	70910419	-1
chr15	75229836	-1
chr15	75230580	30569
chr15	75230584	30569
chr15	85873516	-1
chr15	85873531	-1
chr15	85874353	-1
chr15	101141533	31543
chr1	40283112	-1
chr15	101141554	31543
chr15	101142524	31542,31543
chr16	2563923	32148
chr16	2563944	32148
chr16	2564807	32149
chr16	2570342	32152
chr16	2570359	32152
chr16	2570943	32153
chr16	4321365	-1
chr16	4321376	-1
chr1	40283153	-1
chr16	4321862	-1
chr16	9090006	-1
chr16	9090022	-1
chr16	9090895	-1
chr16	11457407	-1
chr16	11457411	-1
chr16	11458339	-1
chr16	11489739	-1
chr16	11490400	-1
chr16	11490710	-1
chr1	42800125	3038
chr16	11836900	32742
chr16	12355284	-1
chr16	14766044	-1
chr16	14766718	-1
chr16	14766728	-1
chr16	21524035	-1
chr16	21524051	-1
chr16	21524846	-1
chr16	23160143	-1
chr16	23160802	33268
chr1	42800148	3038
chr16	23160817	33268
chr16	23365808	-1
chr16	29125967	-1
chr16	29125969	-1
chr16	29126808	-1
chr16	30074934	33713,33714,33715
chr16	30075701	33714,33715,33716
chr16	30075705	33714,33715,33716
chr16	30076665	33716
chr16	30366267	33753,33754,33755,33756,33758
chr1	42801028	3037,3038
chr16	30366764	33753,33754,33755,33756,33757,33758
chr16	30366767	33753,33754,33755,33756,33757,33758
chr16	32607686	-1
chr16	33949574	-1
chr16	33950344	-1
chr16	50730225	34278
chr16	50730733	34278
chr16	50730740	34278
chr16	53132962	34323
chr16	53133584	-1
chr1	1911011	-1
chr1	43147997	3049,3050,3051
chr16	53133603	-1
chr16	54275649	-1
chr16	54276352	-1
chr16	54276354	-1
chr16	57769605	34646,34647
chr16	57770576	34647
chr16	57770597	34647
chr16	66467764	-1
chr16	66467769	-1
chr16	66468318	-1
chr1	43148011	3049,3050,3051
chr16	66914210	34863
chr16	66914224	34863
chr16	66914726	-1
chr16	67753482	35023
chr16	67753939	35023
chr16	67753972	35023
chr16	68118631	35096,35097,35099
chr16	68119145	35097,35099
chr16	68119147	35097,35099
chr16	68270173	35112,35113,35115
chr1	43148802	3049,3051
chr16	68270178	35112,35113,35115
chr16	68270804	35112,35113,35115,35116
chr16	70414815	35317
chr16	70415389	35317,35318
chr16	70415391	35317,35318
chr16	70758745	-1
chr16	70759705	-1
chr16	70759710	-1
chr16	75338725	-1
chr16	75339399	35674
chr1	45477206	3296,3297,3298,3299
chr16	75339419	35674
chr16	75467134	35677,35679
chr16	75467140	35677,35679
chr16	75467933	35678
chr16	75467938	35678
chr16	83987198	-1
chr16	84047527	-1
chr16	84047534	-1
chr16	84048020	-1
chr16	85170617	36063
chr1	45477815	3296,3297,3298,3299
chr16	85170624	36063
chr16	85171229	-1
chr16	85171236	-1
chr16	87881463	-1
chr16	87881476	-1
chr16	87882123	-1
chr16	88575103	-1
chr16	88575539	-1
chr16	88575558	-1
chr16	89984456	36490,36491,36492
chr1	45477824	3296,3297,3298,3299
chr16	89984501	36491,36492
chr16	89985239	36491,36492
chr17	1618800	36706,36707,36709
chr17	1619582	36707,36708,36709
chr17	1619590	36707,36708,36709
chr17	1933430	36756
chr17	1933996	-1
chr17	1934022	-1
chr17	2304500	36827
chr17	2304531	36827
chr1	46151735	3350
chr17	2304933	36827
chr17	7745409	-1
chr17	7745883	37481
chr17	17319577	-1
chr17	17319588	-1
chr17	17320008	-1
chr17	21207815	-1
chr17	21208315	-1
chr17	21247753	-1
chr17	25659701	38146
chr1	46152010	3348,3350,3352
chr17	25659724	38146
chr17	25660388	38146
chr17	34890053	38706,38708,38710
chr17	34890852	38706,38707,38708,38710
chr17	34890855	38706,38707,38708,38710
chr17	34891216	38706,38707,38709,38710,38711
chr17	36857351	38846
chr17	36857373	38846
chr17	36857942	38846
chr17	37356304	38925,38926,38927
chr1	46152626	3348,3349,3350,3352
chr17	37356309	38925,38926,38927
chr17	37356879	38926,38927,38928
chr17	38254547	39067
chr17	38254559	39067
chr17	38255384	-1
chr17	38255694	-1
chr17	38255698	-1
chr17	38256950	39068
chr17	38256953	39068
chr17	38257332	39068
chr1	46713370	3399,3400
chr17	40984979	39544,39545
chr17	40985370	39544,39545
chr17	40985385	39544,39545
chr17	46102461	-1
chr17	46102479	-1
chr17	46102930	-1
chr17	46969813	40291,40292,40293
chr17	46970149	40291,40292,40293
chr17	46970174	40291,40292,40293
chr17	47073418	40311,40312
chr1	1911356	-1
chr1	52831078	-1
chr17	47073438	40311,40312
chr17	47073893	40311,40312,40314
chr17	49198537	40606,40607
chr17	49199289	40606,40607
chr17	49199302	40606,40607
chr17	49230920	40608,40609
chr17	49230941	40608,40609
chr17	49231696	40610
chr17	55969981	-1
chr17	55970471	-1
chr1	52831859	3615
chr17	55970480	-1
chr17	56162428	40792,40794
chr17	56327234	40813
chr17	56328116	-1
chr17	56328126	-1
chr17	56492158	-1
chr17	56492172	-1
chr17	56492944	40839
chr17	62023333	-1
chr17	62023342	-1
chr1	52831879	3615
chr17	62024248	-1
chr17	62502787	41301,41302
chr17	62502792	41301,41302
chr17	62503253	41302
chr17	63053116	41345,41346,41347
chr17	63053120	41345,41346,41347
chr17	63053824	41345,41346
chr17	66097277	41484
chr17	66097835	41484
chr17	66097847	41484
chr1	53648645	-1
chr17	72510264	-1
chr17	72510593	-1
chr17	72510671	-1
chr17	72511113	-1
chr17	73007345	41785
chr17	73008129	41785
chr17	73008133	41785
chr17	73029972	-1
chr17	73029992	-1
chr17	73030615	-1
chr1	53649240	-1
chr17	73749900	-1
chr17	73749906	-1
chr17	73750742	-1
chr17	73750756	-1
chr17	73851516	41974
chr17	73851519	41974
chr17	73852383	41974
chr17	74733379	42144,42147,42148,42150
chr17	74734053	42144,42147,42149,42150
chr17	74734074	42144,42147,42149,42150
chr1	53649255	-1
chr17	75447525	42214,42215
chr17	75447536	42214,42215
chr17	75448385	42214,42216
chr17	76744375	-1
chr17	76744397	-1
chr17	76745040	-1
chr17	76745098	-1
chr17	76836589	42360,42361,42363
chr17	76837040	42361,42362,42363
chr17	76837055	42361,42362,42363
chr1	61649323	-1
chr17	76929746	42376
chr17	76929760	42376
chr17	76930401	42376
chr17	76976033	42382
chr17	76976035	42382
chr17	76976607	42382
chr17	78121028	42488,42489
chr17	78121032	42488,42489
chr17	78121925	42488
chr17	80060234	-1
chr1	61650002	-1
chr17	80060257	-1
chr17	80060856	-1
chr17	80060873	-1
chr18	3012598	43110
chr18	3012609	43110
chr18	3013557	43110,43111
chr18	3013568	43110,43111
chr18	19180300	-1
chr18	19180767	43425
chr18	19180788	43425
chr1	61650004	-1
chr18	20721385	-1
chr18	20721769	-1
chr18	20721780	-1
chr18	20892625	-1
chr18	46428907	-1
chr18	46429837	-1
chr18	46429861	-1
chr19	1269306	44524,44526
chr19	1269745	44526
chr19	1269770	44526
chr1	62889703	-1
chr19	2576162	44785
chr19	5680128	45156,45158,45160
chr19	5680980	45156,45157,45159,45160
chr19	5680997	45156,45157,45159,45160
chr19	6424307	45262
chr19	6425155	45263
chr19	6425174	45263
chr19	6752433	-1
chr19	6752440	-1
chr19	6752793	-1
chr1	5746422	-1
chr1	62889720	-1
chr19	6753513	-1
chr19	6753534	-1
chr19	12848290	46036
chr19	12848307	46036
chr19	12848880	-1
chr19	13048320	46080
chr19	13049133	46080,46081
chr19	13049137	46080,46081
chr19	30334825	-1
chr19	30335350	-1
chr1	62890127	-1
chr19	30335358	-1
chr19	30336260	-1
chr19	34011884	-1
chr19	34012679	47101
chr19	34012694	47101
chr19	39173645	-1
chr19	39174474	-1
chr19	39174489	-1
chr19	45601678	-1
chr19	45601690	-1
chr1	88518082	-1
chr19	45602188	-1
chr19	46498374	48408
chr19	46498376	48408
chr19	46499007	-1
chr19	47616461	48542
chr19	47616470	48542
chr19	47616964	48542,48544
chr19	47617573	48544
chr19	47618030	48544
chr19	47618047	48544
chr1	88518932	-1
chr19	47854983	48569
chr19	47854989	48569
chr19	47855521	48569
chr19	47855546	48569
chr19	48614095	48646
chr19	48614115	48646
chr19	48614715	48646
chr19	48614719	48646
chr19	49275222	-1
chr19	49276142	-1
chr1	88518946	-1
chr19	49276155	-1
chr19	49468497	48802,48803,48804
chr19	49470979	-1
chr19	49470983	-1
chr19	49471804	-1
chr2	2863794	-1
chr2	2864550	-1
chr2	2864556	-1
chr2	8713693	-1
chr2	8714167	-1
chr1	91487056	-1
chr2	8714196	-1
chr2	10588127	50213,50215,50216
chr2	10588147	50213,50215,50216
chr2	10588937	50213,50214,50215,50216
chr2	12073216	-1
chr2	12074114	-1
chr2	12074121	-1
chr2	20550757	50485,50486
chr2	20550774	50485,50486
chr2	20551448	50485,50486,50487,50488
chr1	91487081	-1
chr2	20792521	50497
chr2	20793045	50496,50497
chr2	20793066	50496,50497
chr2	21256084	50543
chr2	21259110	50545
chr2	21266048	50548
chr2	23583063	-1
chr2	23583765	-1
chr2	23583788	-1
chr2	25474769	50698
chr1	91487846	4467
chr2	25475268	50698,50700
chr2	25475273	50698,50700
chr2	26467849	50773,50774
chr2	26468300	50773
chr2	26468337	50773
chr2	26987111	50807,50808
chr2	26987122	50807,50808
chr2	26987622	50807
chr2	27309490	50855,50856,50857
chr2	27309509	50855,50856,50857
chr1	117017843	-1
chr2	27310032	50855,50857
chr2	27316610	50858,50859
chr2	27545279	50901
chr2	27545935	50901,50902
chr2	27545939	50901,50902
chr2	28113325	51001,51002
chr2	28113338	51001,51002
chr2	28114090	51001,51003
chr2	28615309	51018,51020
chr2	28615679	51020
chr1	117017856	-1
chr2	28615694	51020
chr2	29117533	51054,51055
chr2	29117536	51054,51055
chr2	29118259	51055
chr2	29118276	51055
chr2	29178544	-1
chr2	29179407	-1
chr2	29179418	-1
chr2	43452409	51570,51572,51573
chr2	43453074	51573,51576
chr1	5746440	-1
chr1	117018415	-1
chr2	43453087	51573,51576
chr2	43453454	51573,51576
chr2	44222654	51630
chr2	44223132	51630,51631
chr2	44223150	51630,51631
chr2	47141312	51783,51785
chr2	47142174	51783,51785
chr2	47142191	51783,51785
chr2	47304003	-1
chr2	47304019	-1
chr1	155098020	6099
chr2	47304809	-1
chr2	48446528	-1
chr2	48447232	-1
chr2	48447253	-1
chr2	61698627	52232,52233
chr2	61699148	52232,52233
chr2	61699182	52232,52233
chr2	61921547	-1
chr2	70496876	-1
chr2	70496894	-1
chr1	155098723	6099,6100
chr2	70497687	-1
chr2	70497719	-1
chr2	73115685	-1
chr2	73248175	-1
chr2	73248193	-1
chr2	73248716	-1
chr2	73461037	52821,52822
chr2	74733980	-1
chr2	74734477	52997
chr2	74734487	52997
chr1	155098737	6099,6100
chr2	85766375	53204,53205,53206,53207
chr2	86790671	53340
chr2	86790714	53340
chr2	86791263	53340
chr2	87034745	-1
chr2	87034759	-1
chr2	87035713	53360
chr2	88479708	-1
chr2	88480225	-1
chr2	88480240	-1
chr1	155099446	6099,6100
chr2	91794834	-1
chr2	91795510	-1
chr2	95722878	-1
chr2	95723512	-1
chr2	95723520	-1
chr2	96057429	-1
chr2	96057448	-1
chr2	96057989	-1
chr2	96788367	-1
chr2	96788374	-1
chr1	155188830	6133,6134,6135,6136
chr2	96788713	-1
chr2	96924954	-1
chr2	96925527	-1
chr2	96925534	-1
chr2	96926692	-1
chr2	96926710	-1
chr2	96927681	-1
chr2	99200296	-1
chr2	99200682	-1
chr2	99200738	-1
chr1	155188842	6133,6134,6135,6136
chr2	101765452	-1
chr2	101766309	53857
chr2	101766327	53857
chr2	105945234	-1
chr2	105946194	53989
chr2	105946198	53989
chr2	108836286	-1
chr2	108836762	-1
chr2	108836783	-1
chr2	109969019	54083
chr1	155189509	6134,6135,6136
chr2	109969905	54083
chr2	109969925	54083
chr2	110287325	-1
chr2	110287884	-1
chr2	110287906	-1
chr2	112469053	-1
chr2	112469062	-1
chr2	112469742	-1
chr2	113402881	54211,54213
chr2	113403334	54210,54211,54213,54214,54215
chr1	160015629	-1
chr2	113403372	54210,54211,54213,54214,54215
chr2	113483610	54224
chr2	113483621	54224
chr2	113484425	-1
chr2	118572268	54344
chr2	118572273	54344
chr2	118572802	-1
chr2	120451318	-1
chr2	120451336	-1
chr2	120452154	54402
chr1	160015644	-1
chr2	121222399	-1
chr2	121223253	-1
chr2	121223834	54439,54440
chr2	121223849	54439,54440
chr2	128175868	54555,54556
chr2	128176461	54556
chr2	128176482	54556
chr2	128177050	54556
chr2	128458227	54603,54604,54605,54607
chr2	128458231	54603,54604,54605,54607
chr1	5747143	-1
chr1	160016423	-1
chr2	128458870	54604,54605,54607
chr2	130634432	-1
chr2	130635140	-1
chr2	130635156	-1
chr2	135676931	54833
chr2	153265997	-1
chr2	153266027	-1
chr2	153266746	-1
chr2	153266748	-1
chr2	160142641	-1
chr1	161193462	6693,6694,6695
chr2	160143156	55326
chr2	160143169	55326
chr2	161126381	-1
chr2	161126384	-1
chr2	161126847	55378
chr2	162930223	55441,55444
chr2	162930950	55441,55443
chr2	162930961	55441,55443
chr2	171830015	-1
chr2	171830036	-1
chr1	161193475	6693,6694,6695
chr2	171830904	-1
chr2	171830925	-1
chr2	171831436	-1
chr2	172864416	55821
chr2	172864860	55820,55821
chr2	172864876	55820,55821
chr2	173591170	-1
chr2	192502654	-1
chr2	192502656	-1
chr2	192503289	-1
chr1	161194172	6693,6694,6695,6696,6697,6698
chr2	197504184	56656
chr2	197504207	56656
chr2	197504720	-1
chr2	200715625	56775
chr2	200715992	56775
chr2	200716011	56775
chr2	202098136	56899
chr2	202098169	56899
chr2	202098718	-1
chr2	208030949	57179,57180
chr1	179784018	-1
chr2	208031428	57179
chr2	208031904	57179,57181,57182
chr2	232328502	58250,58251
chr2	232328508	58250,58251
chr2	232329241	58250,58251,58252,58253
chr2	232329247	58250,58251,58252,58253
chr2	232330053	58251,58252,58253
chr2	235596980	-1
chr2	235597803	-1
chr2	235597828	-1
chr1	179784406	-1
chr2	238969496	58580,58581
chr2	238969500	58580,58581
chr2	238970479	58580
chr2	238970481	58580
chr2	241796208	-1
chr2	241796946	-1
chr2	241796958	-1
chr2	242290386	58871
chr2	242290393	58871
chr2	242290959	58871,58872
chr1	179784424	-1
chr2	242711717	-1
chr2	242712647	-1
chr2	242712661	-1
chr2	242823960	-1
chr2	242823964	-1
chr2	242824542	-1
chr2	242824559	-1
chr20	278060	58982,58984,58985
chr20	278066	58982,58984,58985
chr20	278910	58983,58984,58985,58986
chr1	180490837	-1
chr20	362395	-1
chr20	362904	-1
chr20	363010	-1
chr20	363733	-1
chr20	626149	-1
chr20	626173	-1
chr20	626681	-1
chr20	1447590	59089
chr20	1447920	59089
chr20	1448545	59089,59090
chr1	180490845	-1
chr20	2633634	59163,59165,59166,59167
chr20	2633651	59163,59165,59166,59167
chr20	2634047	59163,59165,59166,59167
chr20	3030875	-1
chr20	3748531	59319,59320
chr20	3748536	59319,59320
chr20	3749478	59319,59321
chr20	3788367	59342
chr20	3788380	59342
chr20	3788913	59342
chr1	180491351	-1
chr20	3788921	59342
chr20	4152267	59390
chr20	4152275	59390
chr20	4153222	59391
chr20	5130991	-1
chr20	5131508	-1
chr20	5131523	-1
chr20	5931171	59492,59493
chr20	5931177	59492,59493
chr20	5931748	59492
