chr1	1875353	248
chr1	46152209	3348,3350,3352
chr1	149859285	5527,5528,5530
chr16	30887373	33891,33893
chr16	30933984	33898,33899,33901,33902
chr16	31085159	33940,33941,33942,33943,33945
chr16	46723639	34080,34081,34082
chr16	57406974	-1
chr16	67596465	34997,34998
chr16	67596721	34997
chr16	67597219	34997,34999
chr16	87799595	36210
chr16	88878302	36308
chr1	154297893	5978
chr16	88878501	36308
chr16	88879214	36308
chr17	7387311	37374,37375
chr17	7387542	37374,37375
chr17	7388097	37374,37376
chr17	7475906	37412,37413,37414,37415
chr17	7476122	37412,37413,37414,37415,37416
chr17	7476798	37413,37414,37415,37416,37417
chr17	7590027	37462,37463,37465,37466
chr17	7590893	37462,37464,37465,37466,37467
chr1	156023732	6285,6286
chr17	8089649	-1
chr17	8090194	-1
chr17	8090399	37556
chr17	27717243	38353,38354
chr17	27717488	38353,38354
chr17	27717737	38353,38355
chr17	36813390	-1
chr17	36813669	-1
chr17	36813929	-1
chr17	36860428	38847,38848
chr1	183440287	7331,7334
chr17	42276981	39717,39718,39719,39720
chr17	42277502	39718,39719,39720
chr17	42277709	39718,39719,39720
chr17	43224803	39886,39887,39889,39890
chr17	43225022	39887,39889,39890
chr17	43225294	39887,39889,39890,39891
chr17	43225814	39887,39888,39889,39890,39891
chr17	43249543	39900,39901
chr17	44270185	40029,40031
chr17	44270737	40029,40030,40031
chr1	183441136	7332,7334
chr17	47785269	40372,40373,40374
chr17	47785470	40372,40373,40374
chr17	47785739	40373,40374
chr17	55163215	40719,40721
chr17	62502341	41300,41301,41302
chr17	62502903	41301,41302
chr17	62503106	41302
chr17	63556873	41358,41359
chr17	63557703	41359,41360
chr17	72438986	41719
chr1	224033334	8478
chr17	72439224	41719
chr17	72439552	41720
chr17	72746984	-1
chr17	73030613	-1
chr17	73851391	41974
chr17	73851607	41974
chr17	73851907	41974
chr17	74378269	42065,42066,42068,42070
chr17	74378543	42065,42066,42068,42070
chr17	74379143	42065,42067,42068,42070,42072
chr1	224033982	8477,8478,8479
chr17	74379364	42065,42067,42068,42069,42070,42072
chr17	74733467	42144,42147,42148,42150
chr17	77786553	42443
chr17	77787241	42443
chr17	77787445	42444
chr17	77813257	42447,42448
chr17	77818064	-1
chr17	77818833	-1
chr17	77819033	-1
chr17	78120743	42488,42489
chr1	224034186	8477,8479
chr17	78120951	42488,42489
chr17	78121179	42488,42489
chr17	79953068	42804,42805,42806,42807
chr17	80056166	42864,42865,42866,42867
chr18	5295495	43160,43161
chr18	5296221	43160,43162
chr18	9914284	43270
chr19	4584079	-1
chr19	4584286	-1
chr19	4585061	-1
chr1	225964867	8552
chr19	7197422	-1
chr19	7599641	45362,45364
chr19	10828111	45769
chr19	10828879	45769
chr19	10829102	-1
chr19	14116840	-1
chr19	14117121	46168
chr19	14117698	46168
chr19	17447457	46497,46499,46500,46501
chr19	17448208	46500,46501
chr1	225965502	8551,8552
chr19	17448407	46500,46501,46502
chr19	35224861	47177,47178
chr19	36631866	47404,47405
chr19	41257039	47832,47833,47835
chr19	45682202	48267,48268,48269,48271,48272
chr19	47615638	48542,48543
chr19	47615840	48542,48543
chr19	47616368	48542
chr19	49999725	48919,48920
chr19	50380604	49019,49020,49021,49022,49023
chr1	46153044	3348,3349,3350,3352
chr1	225965705	8551,8552
chr19	56111039	49568,49569,49570
chr19	56111338	49568,49569,49570
chr19	56111544	49568,49569,49570,49572
chr19	56116906	49573
chr19	56117110	49573
chr19	56117742	-1
chr19	57350428	-1
chr2	8818244	50092
chr2	8818992	50091,50092
chr2	8819201	50091,50092
chr1	226249688	8582,8583,8585,8587,8588
chr2	17721120	50385,50387
chr2	20737844	-1
chr2	20738557	-1
chr2	20738756	-1
chr2	24306789	-1
chr2	24307405	50606
chr2	24307664	50606,50607
chr2	27435212	50876,50877,50879,50881
chr2	27651262	50946
chr2	27651461	50946
chr1	226249891	8583,8585,8587,8588
chr2	27652055	50947
chr2	43152220	-1
chr2	47403094	51808,51809,51811
chr2	47403661	51809,51810,51811
chr2	47403862	51809,51810,51811
chr2	48338506	51863
chr2	48338741	51863
chr2	48339317	51863
chr2	48541327	51865,51866
chr2	48541884	51865,51866
chr1	226250421	8584,8585,8587,8588,8589
chr2	48542108	51865
chr2	48542684	51865
chr2	54683218	51963,51964,51965
chr2	61697729	52232
chr2	61698233	52232,52233
chr2	61698512	52232,52233
chr2	62081156	52264,52265
chr2	62081687	52264
chr2	62081887	52264
chr2	65659658	52469
chr1	226250662	8584,8586,8587,8588,8589
chr2	73460632	52821,52822
chr2	73461408	52821,52822
chr2	73461608	52821,52822
chr2	73613321	52851
chr2	74685620	52975,52976
chr2	120824635	-1
chr2	120824840	-1
chr2	120825562	-1
chr2	135675872	54832,54833,54834
chr2	135676453	54833,54834
chr1	226250992	8584,8586,8587,8588,8589
chr2	135676653	54833
chr2	136499172	54888
chr2	136499372	54888
chr2	136500100	54889
chr2	159313965	55280,55282,55283,55285
chr2	160472034	55341,55342,55343
chr2	164592539	55473,55474
chr2	164592801	55473,55474
chr2	164593412	55473,55475
chr2	169103946	55604
chr1	234745971	8950,8952
chr2	172016917	55766
chr2	172017479	55765,55766
chr2	172017788	55765
chr2	172289972	55773,55775
chr2	172290495	55773,55774,55775
chr2	172290694	55773,55774,55775
chr2	172291104	55773,55774,55776
chr2	174828304	55904,55906
chr2	174828584	55904,55906
chr2	174829146	55904,55905,55906
chr10	13390068	9673,9674
chr2	179315847	56116
chr2	179316084	56116,56117
chr2	179316581	56116,56117
chr2	181844955	56226,56227
chr2	181845154	56225,56226,56227
chr2	181845420	56225,56226,56227
chr2	183902468	56335
chr2	183902668	56335
chr2	183903240	56334,56335
chr2	191399177	56526
chr10	14879792	9717
chr2	191399376	56526,56527
chr2	191399620	56527
chr2	191885112	56583
chr2	191885314	56583
chr2	191886025	56583
chr2	201728959	56849
chr2	201729167	56849
chr2	201729447	56849,56850
chr2	203500027	57000,57001,57002
chr2	209120006	57238,57240
chr10	14880464	9716,9717,9718
chr2	219265077	57614,57616,57617,57618
chr2	223520746	57916
chr2	227665612	58013,58014,58015
chr2	231916107	58205
chr2	231916875	58205
chr2	232545137	-1
chr2	232545778	58259
chr2	232545994	58259
chr2	242641473	58923,58925,58926,58928
chr20	278210	58982,58984,58985
chr1	54303179	-1
chr10	14880722	9716,9718
chr20	278417	58982,58984,58985
chr20	279134	58983,58984,58985,58986
chr20	305114	58988,58990
chr20	305321	58988,58990,58991
chr20	306043	58988,58989,58990,58991
chr20	306930	58988,58989,58991
chr20	389008	59009,59010,59011
chr20	17662844	59780,59782
chr20	18269121	59814,59815
chr20	22411001	-1
chr10	21822598	9854,9855
chr20	25227903	60106
chr20	25228210	60106
chr20	25228797	60106
chr20	26189304	60158
chr20	30194062	-1
chr20	32581735	60413,60414,60415
chr20	33872295	-1
chr20	33872509	60573
chr20	33872762	60573
chr20	34329575	60639
chr10	21822806	9853,9854,9855
chr20	34330146	60640
chr20	34330347	60640
chr20	34330579	60640
chr20	35202728	60709,60711,60712
chr20	35203229	60709,60712
chr20	39657550	60959
chr20	44563307	61307,61309
chr20	45987606	61468,61469
chr20	45987808	61468,61469
chr20	45988126	61468,61469
chr10	21823094	9853,9854,9855
chr20	48807541	61669,61670,61673
chr20	48808196	61670,61671,61672,61673
chr20	49006151	-1
chr20	50808103	61751
chr20	50808339	61751,61752
chr20	50808939	61751,61752
chr20	52210989	61772,61773
chr20	60640842	62065,62066
chr20	60641077	62065,62066
chr20	60641361	62065,62067
chr10	32635415	-1
chr20	60641607	62065,62067
chr20	60717993	62079,62081
chr20	60718416	62079,62080,62081
chr20	60718878	62080,62081
chr20	60942826	62129
chr20	60943695	62129
chr20	62369046	62390
chr20	62369574	62390,62392
chr20	62369802	62392,62393
chr20	62371450	62391,62393,62394,62395
chr10	32635618	-1
chr20	62372328	62391,62394,62395,62396
chr20	62495745	62417,62419
chr20	62496363	62417,62418,62419
chr20	62496630	62417,62418,62419
chr22	19419319	63757,63758,63760
chr22	31742982	64692,64694
chr22	50221019	65969,65970
chr3	9438299	66276,66279
chr3	9438852	66276,66277,66279
chr3	9439268	66276,66277,66278,66279
chr10	32636061	10149
chr3	24536760	66822
chr3	24537380	66822,66824
chr3	31574505	66906,66908
chr3	37284710	67064
chr3	37284926	67064
chr3	37285126	67065
chr3	48700409	67753
chr3	52017481	68181,68182
chr3	125898832	69673,69674
chr3	149688595	70480,70481,70482
chr10	70091729	10673,10675
chr3	171757379	70865,70866,70867
chr3	171758149	70866,70867,70868
chr3	171758355	70866,70867,70868
chr3	186502019	71297,71298,71299,71301
chr4	152246031	74207
chr4	152246626	74208
chr4	152246826	74208
chr5	43009704	-1
chr5	96270784	76501,76502,76503,76505
chr5	96270987	76501,76502,76503,76505
chr10	70092269	10675
chr5	96271725	76501,76504,76505
chr5	126113202	-1
chr5	137090039	77259,77260,77261
chr5	137688247	77309
chr5	137688864	-1
chr5	137689101	-1
chr5	138940811	77433,77434
chr5	138941013	77433,77434
chr5	138941561	77433,77435
chr5	139780556	77484,77486
chr10	70092472	10675
chr5	139780819	77484,77486
chr5	139781414	77484,77485,77486
chr5	154134683	78163
chr5	154134925	78163,78164
chr5	154135470	78164
chr5	176881596	78628,78629,78632
chr5	176881868	78628,78629,78632
chr5	176882530	78628,78630,78632
chr6	2245826	79003,79004
chr6	2246025	79003,79004
chr1	54303919	3725
chr10	104403188	12302,12304
chr6	2246617	79003
chr6	2989379	-1
chr6	7910220	79310,79311
chr6	7910962	79310,79311,79312
chr6	7911212	79310,79312
chr6	17987165	79609
chr6	17987443	79609
chr6	17988068	79608,79609
chr6	26055761	79842
chr6	28806071	-1
chr10	105881417	12424,12425
chr6	28806271	-1
chr6	28806814	-1
chr6	28864100	-1
chr6	31632801	80446,80448,80450
chr6	32145511	80649,80650,80651,80653,80654
chr6	32145729	80649,80650,80651,80652,80653,80654
chr6	32146302	80650,80651,80652,80653,80654,80655
chr6	32938792	80725,80726
chr6	32939387	80726
chr6	32940000	80726
chr10	135171432	13162,13163
chr6	32940204	-1
chr6	32940450	80728
chr6	41040736	81360,81361
chr6	44041791	81750
chr6	44042481	81751
chr6	108181512	-1
chr6	108181721	-1
chr6	108181960	-1
chr6	111804679	82913,82914,82915
chr6	114179321	82975,82977,82978,82979
chr11	694850	13297,13299,13300
chr6	116601065	83033,83034,83037,83038
chr6	117804541	-1
chr6	119215243	-1
chr6	119215935	-1
chr6	119216135	-1
chr6	133134656	83492,83493
chr6	133135207	83492,83493
chr6	133135477	83492,83493
chr6	133135730	83492,83493
chr6	157098477	84247,84249
chr11	695058	13298,13299,13300
chr6	157098762	84247,84249,84251
chr6	157099064	84247,84249,84251
chr6	157099820	84248,84249,84251
chr6	167370823	84713,84714
chr6	170124271	84861,84862
chr6	170190361	84873,84874
chr7	5465603	85255
chr7	5466473	85255,85257
chr7	30028178	85786
chr7	30633726	85826,85828
chr11	695811	13298,13300
chr7	30634403	85827,85828
chr7	30634615	85827,85828
chr7	44836521	86195,86197
chr7	66767380	86544,86545
chr7	66767679	86544,86545
chr7	66767890	86544
chr7	139045041	88708,88709,88710,88711
chr7	139930444	-1
chr7	148395820	88925,88926,88927
chr7	148396285	88925,88927
chr11	45168216	14719,14720,14721
chr7	148396740	88925,88927
chr7	156409276	-1
chr8	22223851	90002
chr8	101734339	91473,91474
chr8	145159611	92471,92473,92475,92476,92477
chr9	100746240	94226,94227,94229,94231
chr9	100746826	94227,94229,94231
chr9	140135795	96489,96490,96491,96492,96493,96494
chrX	40944721	96884,96885,96886,96887
chrX	41193782	96895,96897
chr11	45168455	14720,14721
chrX	44731900	96918
chrX	44732122	96918
chrX	44732841	96918,96919
chrX	118925498	97521,97522
chrX	118925698	97521,97522
chrX	118925988	97521,97522,97523
chrX	153236584	97775,97776,97779,97780
chrX	153237279	97775,97776,97777,97779,97780
chrX	153237558	97775,97777,97778,97779,97780
chr11	45168720	14720,14721
chr11	45168930	14720,14721
chr1	54304159	3725
chr11	65186781	-1
chr11	65266010	15923,15927
chr11	102323403	17421,17422,17423
chr11	122933407	18231,18232,18233,18234
chr11	134093828	18534,18536
chr11	134094428	18534,18535,18536
chr11	134094629	18534,18535,18536
chr12	54674038	20547,20548,20549
chr12	122232280	22747,22748,22749,22750,22751
chr13	31039026	23530,23531,23532,23533
chr1	89149774	4388
chr14	21571854	25022
chr14	21572315	25022,25023
chr14	21572520	25022,25023
chr14	23790152	25446
chr14	23790698	25446
chr14	23790898	-1
chr14	24610161	-1
chr14	24610814	25580
chr14	24611037	25580
chr14	24701981	25630,25631,25632,25633,25634
chr1	89149977	4388
chr14	24711518	-1
chr14	24711752	25635
chr14	24712000	25635
chr14	32546304	25848,25849
chr14	32546525	25848,25849
chr14	32546773	25848
chr14	35816747	-1
chr14	35817009	-1
chr14	35817223	-1
chr14	35873867	25982,25983,25985
chr1	89150290	-1
chr14	38064590	26038,26039
chr14	38064806	26038,26039
chr14	38065467	26038,26040
chr14	69260292	26860,26861,26862,26864
chr14	74485358	27143,27145
chr14	74485903	27144,27145
chr14	74486109	27144,27145
chr14	74551092	27156,27157,27158
chr14	103800950	28258,28260,28261
chr15	75746885	-1
chr1	100817916	4690,4691
chr16	9057766	32613
chr16	9185524	32616
chr16	9186128	-1
chr16	9186430	32617
chr16	9186638	32617
chr16	30538233	33799,33800,33801,33802
chr16	30670043	33830
chr16	30709557	33840,33842,33844
chr16	30709760	33841,33842,33844
chr16	30710400	33841,33843,33844,33845
