chr1	16010707	1081
chr1	33207222	2440,2442
chr10	21784845	-1
chr2	46926427	51761
chr2	61108150	52159
chr2	61108497	52158,52159
chr2	61108881	52158,52159
chr2	64880528	52405,52406
chr2	64880840	52406,52407
chr2	64881527	52407
chr2	74734436	-1
chr2	74734987	52997
chr2	74735219	52997
chr10	35103838	10223,10225
chr2	85765858	53204,53205
chr2	113032997	54161
chr2	113033571	-1
chr2	113033869	-1
chr2	120517099	54403,54404,54405
chr2	120517568	54403,54404,54405
chr2	120517864	54403,54405
chr2	122406903	54483,54484,54485
chr2	218767857	57531
chr2	219262862	57613,57615
chr10	77164620	11170
chr2	219263293	57613,57615
chr2	219263795	57615,57616
chr2	219270456	57623
chr2	219271035	-1
chr2	219271428	-1
chr2	220436258	57853,57854,57855,57856
chr2	227665309	58013,58014,58015
chr20	10651784	59652,59653
chr20	10652264	59652,59653
chr20	10652776	59652,59653
chr10	102757627	12101,12102
chr20	22410905	-1
chr20	23401687	60018
chr20	31170053	60305
chr20	31170595	60305
chr20	31171067	60305,60306
chr20	35200962	60710,60711
chr20	35201907	60709,60710,60711,60712
chr20	35202784	60709,60711,60712
chr20	39766024	60974,60976,60977,60979
chr20	44563004	61307,61309
chr10	111767600	12461,12462,12464
chr20	49347950	61693
chr20	50807960	-1
chr20	50808431	61751,61752
chr20	50808814	61751,61752
chr20	56101800	61852,61853
chr20	57225721	61916
chr20	57226228	61916
chr20	57226690	-1
chr20	57466060	61952
chr20	57466570	61952,61953
chr11	2009477	-1
chr20	57467001	61953
chr20	57467546	61953
chr20	62601108	62456
chr20	62610392	-1
chr20	62610721	62459
chr20	62611080	62457,62459
chr20	62681765	62474
chr22	28066239	-1
chr22	50343392	-1
chr3	15901396	66715,66716
chr11	2009850	13527
chr3	48471008	67698
chr3	197024964	71647,71648,71650
chr4	40058392	72731
chr5	172199110	78418,78419
chr6	43736891	81732
chr6	43737339	81732
chr6	43737871	81732,81733
chr6	44095779	81758
chr6	111804152	82913,82914,82915
chr6	111804684	82913,82914,82915
chr11	2010494	13527
chr6	111805146	82914,82916
chr6	143266423	83790,83791
chr6	151187523	84073
chr7	5570450	85270,85271
chr7	5595550	-1
chr7	47620577	-1
chr7	100167116	-1
chr7	100167410	-1
chr7	100168095	-1
chr8	145641759	92532,92533,92534,92535
chr11	2011044	13527,13528
chr9	132373013	95692
chr9	140172273	96505,96506
chrX	2418368	-1
chrX	2418820	96653,96654
chrX	2419154	96653,96654
chrX	2419760	96653,96654
chr11	2011466	13527,13528
chr1	33207831	2441,2442
chr11	61739717	-1
chr11	63535800	15588
chr11	63536355	15589
chr11	72853218	16736,16737
chr12	1771376	-1
chr12	56122035	20599,20600,20602,20604
chr12	56122404	20599,20600,20602,20604
chr12	56122954	20600,20601,20602,20604
chr14	21538304	25003,25005
chr14	21538941	25004,25005
chr1	33208168	2441,2442
chr14	24836975	25678,25679,25680,25681
chr14	32545866	25848,25849
chr14	35873345	25982,25983,25984
chr14	35873940	25982,25983,25985
chr14	35874291	25983,25985
chr14	38064668	26038,26039
chr14	95065300	27778
chr14	95065602	27778
chr14	95065914	27778
chr16	8962437	32595,32596,32597
chr1	178511374	7129,7130
chr16	8962848	32595,32596,32597,32598
chr16	8963144	32595,32596,32597,32598
chr16	8963645	32595,32596,32597,32598
chr16	52580599	34311,34312
chr16	70758792	-1
chr16	70759105	-1
chr16	70759489	-1
chr16	85201492	36066
chr16	85558346	-1
chr16	85558719	-1
chr1	178511874	7130
chr16	85559220	-1
chr16	85586746	36078
chr16	85587005	36078
chr16	85587523	36078,36080
chr16	88554595	-1
chr17	40464521	-1
chr17	47072810	40312
chr17	47073180	40312
chr17	47073591	40311,40312
chr17	49021216	-1
chr1	178512196	-1
chr17	49021907	40584
chr17	49022118	40584
chr17	55484962	-1
chr17	55485271	-1
chr17	55485950	-1
chr17	63557528	41359,41360
chr17	65241425	41421,41422
chr17	66508061	41518,41519,41521
chr17	66508400	41519,41521
chr17	66508833	41520,41521
chr1	235011388	-1
chr17	71258494	-1
chr17	73512000	41881,41883
chr17	77805909	-1
chr17	77806329	-1
chr17	77806863	-1
chr17	77817356	42449
chr17	77817813	-1
chr17	77818151	-1
chr17	77818812	-1
chr17	77965628	-1
chr1	235011788	-1
chr17	77966022	-1
chr17	77966408	-1
chr17	79313206	-1
chr17	80278966	-1
chr19	461133	44314,44315
chr19	498756	-1
chr19	1249034	44511
chr19	1249512	44510,44511,44513
chr19	1249912	44510,44511,44513
chr19	16771878	46436,46437,46438
chr1	235012235	-1
chr19	50016070	48923,48924,48925,48926,48927
chr19	50016354	48924,48925,48926,48927
chr19	50016644	48924,48925,48926,48927
chr19	50180448	48963
chr19	50180960	-1
chr19	50181384	48964
chr19	56111735	49569,49570,49572
chr2	8767434	-1
chr2	25474507	50698,50699
chr2	43206711	-1
