chr1	183441255	7332,7334
chr14	24051037	-1
chr20	3767037	59325,59327
chr20	10414878	59639,59641
chr20	10415246	59639,59640,59641
chr20	10415828	59639,59640,59641
chr5	59967947	-1
chr5	59968322	-1
chr5	59968864	-1
chr6	26055764	79842
chr6	26056130	79842
chr6	26056579	79843
chr14	24052551	-1
chr6	26124060	79853,79854,79855
chr6	26157358	79858
chr6	26157956	79858
chr14	24053023	-1
chr14	24053400	-1
chr14	24115599	-1
chr17	7760577	37487,37488,37490,37491
chr17	7760926	37487,37488,37490,37491
chr17	7761311	37487,37489,37490,37491,37492
chr2	114360830	54293,54294
