chr1	4052330	4052331	*	1	1	1	3
chr1	4052336	4052337	*	1	1	1	3
chr1	4052536	4052537	*	1	1	1	3
chr1	8137486	8137487	*	1	1	1	3
chr1	8138405	8138406	*	1	1	1	3
chr1	8138431	8138432	*	1	1	1	3
chr1	8156852	8156853	*	1	1	1	3
chr1	8156886	8156887	*	1	1	1	3
chr1	8157567	8157568	*	1	1	1	3
chr1	15587337	15587338	*	1	1	1	3
chr1	15587343	15587344	*	1	1	1	3
chr1	15587907	15587908	*	1	1	1	3
chr1	16676699	16676700	*	1	1	1	4
chr1	16676713	16676714	*	1	1	1	4
chr1	16677610	16677611	*	1	1	1	4
chr1	16677616	16677617	*	1	1	1	4
chr1	27317226	27317227	*	1	1	1	3
chr1	27317231	27317232	*	1	1	1	3
chr1	27317880	27317881	*	1	1	1	3
chr1	27718235	27718236	*	1	1	1	3
chr1	27718249	27718250	*	1	1	1	3
chr1	27719102	27719103	*	1	1	1	3
chr1	27868610	27868611	*	1	1	1	3
chr1	27869131	27869132	*	1	1	1	3
chr1	27869149	27869150	*	1	1	1	3
chr1	36839467	36839468	*	1	1	1	3
chr1	36840373	36840374	*	1	1	1	3
chr1	36840394	36840395	*	1	1	1	3
chr1	46337353	46337354	*	1	1	1	3
chr1	46337979	46337980	*	1	1	1	3
chr1	46338018	46338019	*	1	1	1	3
chr1	46639427	46639428	*	1	1	1	3
chr1	46639448	46639449	*	1	1	1	3
chr1	46640302	46640303	*	1	1	1	3
chr1	52156032	52156033	*	1	1	1	3
chr1	52156505	52156506	*	1	1	1	3
chr1	52156510	52156511	*	1	1	1	3
chr1	55354298	55354299	*	1	1	1	3
chr1	55354328	55354329	*	1	1	1	3
chr1	55354739	55354740	*	1	1	1	3
chr1	62889636	62889637	*	1	1	1	3
chr1	62889638	62889639	*	1	1	1	3
chr1	62890284	62890285	*	1	1	1	3
chr1	63155298	63155299	*	1	1	1	3
chr1	63155318	63155319	*	1	1	1	3
chr1	63156214	63156215	*	1	1	1	3
chr1	94080779	94080780	*	1	1	1	3
chr1	94081318	94081319	*	1	1	1	3
chr1	94081327	94081328	*	1	1	1	3
chr1	94533949	94533950	*	1	1	1	3
chr1	94533963	94533964	*	1	1	1	3
chr1	94534734	94534735	*	1	1	1	3
chr1	149911135	149911136	*	1	1	1	3
chr1	149911178	149911179	*	1	1	1	3
chr1	149911398	149911399	*	1	1	1	3
chr1	153935329	153935330	*	1	1	1	3
chr1	153935355	153935356	*	1	1	1	3
chr1	153936184	153936185	*	1	1	1	3
chr1	172436407	172436408	*	1	1	1	3
chr1	172436865	172436866	*	1	1	1	3
chr1	172436872	172436873	*	1	1	1	3
chr1	178653036	178653037	*	1	1	1	3
chr1	178653976	178653977	*	1	1	1	3
chr1	178654031	178654032	*	1	1	1	3
chr1	193080906	193080907	*	1	1	1	3
chr1	193080931	193080932	*	1	1	1	3
chr1	193081487	193081488	*	1	1	1	3
chr1	201139832	201139833	*	1	1	1	4
chr1	201140761	201140762	*	1	1	1	3
chr1	201140771	201140772	*	1	1	1	3
chr1	210547401	210547402	*	1	1	1	3
chr1	210547404	210547405	*	1	1	1	3
chr1	210547810	210547811	*	1	1	1	3
chr1	218878852	218878853	*	1	1	1	3
chr1	218879398	218879399	*	1	1	1	3
chr1	218879408	218879409	*	1	1	1	3
chr1	225642067	225642068	*	1	1	1	3
chr1	225642589	225642590	*	1	1	1	3
chr1	225642644	225642645	*	1	1	1	3
chr1	225790508	225790509	*	1	1	1	4
chr1	225790521	225790522	*	1	1	1	4
chr1	225791380	225791381	*	1	1	1	4
chr1	225791388	225791389	*	1	1	1	4
chr1	228974357	228974358	*	1	1	1	4
chr1	228974365	228974366	*	1	1	1	4
chr1	228975056	228975057	*	1	1	1	4
chr1	228975086	228975087	*	1	1	1	4
chr1	234775137	234775138	*	1	1	1	3
chr1	234775863	234775864	*	1	1	1	3
chr1	234775876	234775877	*	1	1	1	3
chr1	245254768	245254769	*	1	1	1	3
chr1	245254776	245254777	*	1	1	1	3
chr1	245255401	245255402	*	1	1	1	3
chr10	3893952	3893953	*	1	1	1	3
chr10	3894661	3894662	*	1	1	1	3
chr10	3894670	3894671	*	1	1	1	3
chr10	3928941	3928942	*	1	1	1	3
chr10	3928948	3928949	*	1	1	1	3
chr10	3929446	3929447	*	1	1	1	3
chr10	4813147	4813148	*	1	1	1	3
chr10	4813161	4813162	*	1	1	1	3
chr10	4813674	4813675	*	1	1	1	3
chr10	5113359	5113360	*	1	1	1	4
chr10	5113394	5113395	*	1	1	1	4
chr10	5114058	5114059	*	1	1	1	4
chr10	5114072	5114073	*	1	1	1	4
chr10	6010118	6010119	*	1	1	1	3
chr10	6011017	6011018	*	1	1	1	3
chr10	6011040	6011041	*	1	1	1	3
chr10	54515368	54515369	*	1	1	1	4
chr10	54515373	54515374	*	1	1	1	4
chr10	54516270	54516271	*	1	1	1	4
chr10	54516280	54516281	*	1	1	1	4
chr10	80732742	80732743	*	1	1	1	4
chr10	80733436	80733437	*	1	1	1	3
chr10	80733453	80733454	*	1	1	1	3
chr10	103911386	103911387	*	1	1	1	3
chr10	103912059	103912060	*	1	1	1	3
chr10	103912064	103912065	*	1	1	1	3
chr10	112534042	112534043	*	1	1	1	3
chr10	112534945	112534946	*	1	1	1	3
chr10	112534963	112534964	*	1	1	1	3
chr10	115718631	115718632	*	1	1	1	3
chr10	115718646	115718647	*	1	1	1	3
chr10	115719323	115719324	*	1	1	1	3
chr10	118706821	118706822	*	1	1	1	4
chr10	118706828	118706829	*	1	1	1	4
chr10	118707498	118707499	*	1	1	1	4
chr10	118707502	118707503	*	1	1	1	4
chr10	119230451	119230452	*	1	1	1	3
chr10	119230459	119230460	*	1	1	1	3
chr10	119231256	119231257	*	1	1	1	3
chr10	127661131	127661132	*	1	1	1	3
chr10	127662001	127662002	*	1	1	1	3
chr10	127662032	127662033	*	1	1	1	3
chr11	19975709	19975710	*	1	1	1	3
chr11	19975717	19975718	*	1	1	1	3
chr11	19976682	19976683	*	1	1	1	3
chr11	22724747	22724748	*	1	1	1	3
chr11	22724749	22724750	*	1	1	1	3
chr11	22725371	22725372	*	1	1	1	3
chr11	34675638	34675639	*	1	1	1	3
chr11	34675674	34675675	*	1	1	1	3
chr11	34676555	34676557	*	1	1	0	3
chr11	57828982	57828983	*	1	1	1	3
chr11	57829458	57829459	*	1	1	1	3
chr11	57829472	57829473	*	1	1	1	3
chr11	58394788	58394789	*	1	1	1	3
chr11	58395311	58395312	*	1	1	1	3
chr11	58395327	58395328	*	1	1	1	3
chr11	61739653	61739654	*	1	1	1	3
chr11	61740382	61740383	*	1	1	1	3
chr11	61740394	61740395	*	1	1	1	3
chr11	64622589	64622590	*	1	1	1	3
chr11	64622608	64622609	*	1	1	1	3
chr11	64623059	64623060	*	1	1	1	3
chr11	65188774	65188775	*	1	1	1	3
chr11	65189725	65189726	*	1	1	1	3
chr11	65189741	65189742	*	1	1	1	3
chr11	65886994	65886995	*	1	1	1	3
chr11	65887476	65887477	*	1	1	1	3
chr11	65887491	65887492	*	1	1	1	3
chr11	69502885	69502886	*	1	1	1	3
chr11	69503424	69503425	*	1	1	1	3
chr11	69503428	69503429	*	1	1	1	3
chr11	73490285	73490286	*	1	1	1	4
chr11	73490297	73490298	*	1	1	1	4
chr11	73490885	73490886	*	1	1	1	4
chr11	73490901	73490902	*	1	1	1	4
chr11	81133581	81133582	*	1	1	1	3
chr11	81134476	81134477	*	1	1	1	3
chr11	81134493	81134494	*	1	1	1	3
chr11	85376266	85376267	*	1	1	1	3
chr11	85376292	85376293	*	1	1	1	3
chr11	85377031	85377032	*	2	1	1	3
chr11	86304117	86304118	*	1	1	1	3
chr11	86304136	86304137	*	1	1	1	3
chr11	86305018	86305019	*	1	1	1	3
chr11	86652615	86652616	*	2	1	1	3
chr11	86653482	86653483	*	1	1	1	3
chr11	86653508	86653509	*	1	1	1	3
chr11	93933696	93933697	*	1	1	1	4
chr11	93933699	93933700	*	1	1	1	4
chr11	93934308	93934309	*	1	1	1	4
chr11	93934329	93934330	*	1	1	1	4
chr11	100647118	100647119	*	1	1	1	3
chr11	100648052	100648053	*	1	1	1	3
chr11	100648071	100648072	*	1	1	1	3
chr11	102364639	102364640	*	1	1	1	3
chr11	102365154	102365155	*	1	1	1	3
chr11	102365175	102365176	*	1	1	1	3
chr11	110227704	110227705	*	1	1	1	3
chr11	110228287	110228288	*	1	1	1	3
chr11	110228304	110228305	*	1	1	1	3
chr11	113534475	113534476	*	1	1	1	3
chr11	113534948	113534949	*	1	1	1	3
chr11	113534975	113534976	*	1	1	1	3
chr11	120271002	120271003	*	1	1	1	3
chr11	120271679	120271680	*	1	1	1	3
chr11	120271704	120271705	*	1	1	1	3
chr12	7013163	7013164	*	1	1	1	3
chr12	7013879	7013880	*	1	1	1	3
chr12	7013898	7013899	*	1	1	1	3
chr12	14989342	14989343	*	1	1	1	3
chr12	14989365	14989366	*	1	1	1	3
chr12	14989991	14989992	*	1	1	1	3
chr12	24191488	24191489	*	1	1	1	3
chr12	24192112	24192113	*	1	1	1	3
chr12	24192123	24192124	*	1	1	1	3
chr12	51566921	51566922	*	1	1	1	3
chr12	51566926	51566927	*	1	1	1	3
chr12	51567881	51567882	*	1	1	1	3
chr12	53386619	53386620	*	1	1	1	3
chr12	53386624	53386625	*	1	1	1	3
chr12	53386994	53386995	*	1	1	1	3
chr12	58704288	58704289	*	1	1	1	3
chr12	58704709	58704710	*	1	1	1	3
chr12	58704721	58704722	*	1	1	1	3
chr12	64311875	64311876	*	1	1	1	3
chr12	64311948	64311949	*	1	1	1	3
chr12	64312705	64312706	*	1	1	1	3
chr12	80220215	80220216	*	1	1	1	3
chr12	81472837	81472838	*	1	1	1	3
chr12	81473768	81473769	*	1	1	1	3
chr12	81473783	81473784	*	1	1	1	3
chr12	100970241	100970242	*	1	1	1	3
chr12	100970676	100970677	*	1	1	1	3
chr12	100970693	100970694	*	1	1	1	3
chr12	101993244	101993245	*	1	1	1	4
chr12	101993261	101993262	*	1	1	1	4
chr12	101994034	101994035	*	1	1	1	4
chr12	101994047	101994048	*	1	1	1	4
chr12	105352392	105352393	*	1	1	1	3
chr12	105352411	105352412	*	1	1	1	3
chr12	105353379	105353380	*	1	1	1	3
chr12	105711806	105711807	*	1	1	1	3
chr12	105711809	105711810	*	1	1	1	3
chr12	105712348	105712349	*	1	1	1	3
chr12	107743161	107743162	*	1	1	1	3
chr12	107743166	107743167	*	1	1	1	3
chr12	107743886	107743887	*	1	1	1	3
chr12	116249072	116249073	*	1	1	1	3
chr12	116249092	116249093	*	1	1	1	3
chr12	116249888	116249889	*	1	1	1	3
chr12	117353994	117353995	*	1	1	1	3
chr12	117354762	117354763	*	1	1	1	3
chr12	117354774	117354775	*	1	1	1	3
chr12	117566395	117566396	*	1	1	1	3
chr12	117567392	117567393	*	1	1	1	3
chr12	125166082	125166083	*	1	1	1	3
chr12	125166655	125166656	*	1	1	1	3
chr12	125166670	125166671	*	1	1	1	3
chr12	125401058	125401059	*	1	1	1	3
chr12	125401790	125401791	*	1	1	1	3
chr12	125401798	125401799	*	1	1	1	3
chr12	131248792	131248793	*	1	1	1	3
chr12	131249296	131249297	*	1	1	1	4
chr12	131249298	131249299	*	1	1	1	4
chr12	131249989	131249990	*	1	1	1	3
chr12	131468244	131468245	*	1	1	1	3
chr12	131468295	131468296	*	1	1	1	3
chr12	131469171	131469172	*	1	1	1	3
chr13	20171229	20171230	*	1	1	1	3
chr13	20171242	20171243	*	1	1	1	3
chr13	20171886	20171887	*	1	1	1	3
chr13	30498174	30498175	*	1	1	1	3
chr13	30498210	30498211	*	1	1	1	3
chr13	30498809	30498810	*	1	1	1	3
chr13	31741757	31741758	*	1	1	1	3
chr13	31741768	31741769	*	1	1	1	3
chr13	31742552	31742553	*	1	1	1	3
chr13	41360821	41360822	*	1	1	1	3
chr13	41360861	41360862	*	1	1	1	3
chr13	41361412	41361413	*	1	1	1	3
chr13	49821204	49821205	*	1	1	1	3
chr13	49822013	49822014	*	1	1	1	3
chr13	49822018	49822019	*	1	1	1	3
chr13	50385020	50385021	*	1	1	1	3
chr13	50385595	50385596	*	1	1	1	3
chr13	50385611	50385612	*	1	1	1	3
chr13	50432867	50432868	*	1	1	1	3
chr13	50432889	50432890	*	1	1	1	3
chr13	50433833	50433834	*	1	1	1	3
chr13	98678888	98678889	*	1	1	1	3
chr13	98678927	98678928	*	1	1	1	3
chr13	98679538	98679539	*	1	1	1	3
chr14	23446077	23446078	*	1	1	1	3
chr14	23446107	23446108	*	1	1	1	3
chr14	23447040	23447041	*	2	1	1	3
chr14	25384811	25384812	*	1	1	1	3
chr14	25384822	25384823	*	1	1	1	3
chr14	25385614	25385615	*	1	1	1	3
chr14	34456224	34456225	*	1	1	1	3
chr14	34456228	34456229	*	1	1	1	3
chr14	34456846	34456847	*	1	1	1	3
chr14	34630721	34630722	*	1	1	1	3
chr14	34631168	34631169	*	1	1	1	3
chr14	34631188	34631189	*	1	1	1	3
chr14	35224093	35224094	*	1	1	1	3
chr14	35224096	35224097	*	1	1	1	3
chr14	35224584	35224585	*	1	1	1	3
chr14	36177472	36177473	*	1	1	1	3
chr14	36177478	36177479	*	1	1	1	3
chr14	36178149	36178150	*	1	1	1	3
chr14	37639615	37639616	*	1	1	1	3
chr14	37639634	37639635	*	1	1	1	3
chr14	37640505	37640506	*	1	1	1	3
chr14	37798554	37798555	*	1	1	1	3
chr14	37798573	37798574	*	1	1	1	3
chr14	37799091	37799092	*	1	1	1	3
chr14	38333808	38333809	*	1	1	1	3
chr14	38334547	38334548	*	1	1	1	3
chr14	38334598	38334599	*	1	1	1	3
chr14	38579644	38579645	*	1	1	1	4
chr14	38579662	38579663	*	1	1	1	4
chr14	38580421	38580422	*	1	1	1	4
chr14	38580429	38580430	*	1	1	1	4
chr14	39692091	39692092	*	1	1	1	4
chr14	39692096	39692097	*	1	1	1	4
chr14	39692992	39692993	*	1	1	1	5
chr14	39693007	39693008	*	1	1	1	5
chr14	39693487	39693488	*	1	1	1	3
chr14	43585884	43585885	*	1	1	1	3
chr14	43585923	43585924	*	1	1	1	3
chr14	43586525	43586526	*	1	1	1	3
chr14	44249164	44249165	*	1	1	1	3
chr14	44249989	44249990	*	1	1	1	3
chr14	44250018	44250019	*	1	1	1	3
chr14	51471524	51471525	*	1	1	1	3
chr14	51472150	51472151	*	1	1	1	3
chr14	51472160	51472161	*	1	1	1	3
chr14	61569706	61569707	*	1	1	1	4
chr14	61569723	61569724	*	1	1	1	4
chr14	61570641	61570642	*	1	1	1	4
chr14	61570656	61570657	*	1	1	1	4
chr14	62019820	62019821	*	1	1	1	4
chr14	62019830	62019831	*	1	1	1	4
chr14	62020688	62020689	*	1	1	1	4
chr14	62020702	62020703	*	1	1	1	4
chr14	69504762	69504764	*	1	1	0	3
chr14	69505360	69505361	*	1	1	1	5
chr14	69505371	69505372	*	1	1	1	5
chr14	69506130	69506131	*	1	1	1	4
chr14	69506150	69506151	*	1	1	1	4
chr14	77769434	77769435	*	1	1	1	4
chr14	77769442	77769443	*	1	1	1	4
chr14	77770181	77770182	*	1	1	1	4
chr14	77770201	77770202	*	1	1	1	4
chr14	95147101	95147102	*	1	1	1	4
chr14	95147116	95147117	*	1	1	1	4
chr14	95147779	95147780	*	1	1	1	4
chr14	95147793	95147794	*	1	1	1	4
chr14	101448317	101448318	*	1	1	1	3
chr14	101449316	101449317	*	1	1	1	3
chr14	104354715	104354716	*	1	1	1	3
chr14	104354743	104354744	*	1	1	1	3
chr14	104355687	104355688	*	1	1	1	3
chr15	45076210	45076211	*	1	1	1	3
chr15	45076620	45076621	*	1	1	1	3
chr15	45076675	45076676	*	1	1	1	3
chr15	45932965	45932966	*	1	1	1	3
chr15	45933661	45933662	*	1	1	1	3
chr15	45933673	45933674	*	1	1	1	3
chr15	50436933	50436934	*	1	1	1	3
chr15	50437705	50437706	*	1	1	1	3
chr15	50437714	50437715	*	1	1	1	3
chr15	51604596	51604597	*	1	1	1	4
chr15	51604614	51604615	*	1	1	1	4
chr15	51605431	51605432	*	1	1	1	4
chr15	51605441	51605442	*	1	1	1	4
chr15	58624506	58624507	*	1	1	1	4
chr15	58624527	58624528	*	1	1	1	4
chr15	58625398	58625399	*	1	1	1	4
chr15	58625420	58625421	*	1	1	1	4
chr15	62199826	62199827	*	1	1	1	4
chr15	62199848	62199849	*	1	1	1	4
chr15	62200628	62200629	*	1	1	1	4
chr15	62200646	62200647	*	1	1	1	4
chr15	63189309	63189310	*	1	1	1	3
chr15	65336741	65336742	*	1	1	1	3
chr15	65336752	65336753	*	1	1	1	3
chr15	65337612	65337613	*	1	1	1	3
chr15	67341291	67341292	*	1	1	1	4
chr15	67341293	67341294	*	1	1	1	4
chr15	67341942	67341943	*	1	1	1	4
chr15	67342029	67342030	*	1	1	1	4
chr15	85890147	85890148	*	1	1	1	3
chr15	93347340	93347341	*	1	1	1	3
chr15	93347360	93347361	*	1	1	1	3
chr15	93347587	93347588	*	1	1	1	3
chr16	8623112	8623113	*	1	1	1	3
chr16	9141317	9141318	*	1	1	1	3
chr16	9141858	9141859	*	1	1	1	3
chr16	9141880	9141881	*	1	1	1	3
chr16	10832335	10832336	*	1	1	1	3
chr16	10832847	10832848	*	1	1	1	3
chr16	10832871	10832872	*	1	1	1	3
chr16	12706694	12706695	*	1	1	1	3
chr16	12707666	12707667	*	1	1	1	3
chr16	19119258	19119259	*	1	1	1	3
chr16	19119275	19119276	*	1	1	1	3
chr16	19119894	19119895	*	1	1	1	3
chr16	25189673	25189674	*	1	1	1	4
chr16	25189684	25189685	*	1	1	1	4
chr16	25190666	25190667	*	1	1	1	4
chr16	25190669	25190670	*	1	1	1	4
chr16	27275660	27275661	*	1	1	1	3
chr16	27275684	27275685	*	1	1	1	3
chr16	27276474	27276475	*	1	1	1	3
chr16	27481440	27481441	*	1	1	1	3
chr16	27482152	27482153	*	1	1	1	3
chr16	27482161	27482162	*	1	1	1	3
chr16	31470712	31470713	*	1	1	1	3
chr16	31471452	31471453	*	1	1	1	3
chr16	31471462	31471463	*	1	1	1	3
chr16	32656145	32656146	*	1	1	1	3
chr16	32656175	32656176	*	1	1	1	3
chr16	32657014	32657015	*	1	1	1	3
chr16	32818083	32818084	*	1	1	1	3
chr16	32818520	32818521	*	1	1	1	3
chr16	46929496	46929497	*	1	1	1	3
chr16	46929521	46929522	*	1	1	1	3
chr16	46930169	46930170	*	1	1	1	3
chr16	57927982	57927983	*	1	1	1	3
chr16	57928001	57928002	*	1	1	1	3
chr16	57928696	57928697	*	1	1	1	3
chr16	63597224	63597225	*	1	1	1	3
chr16	63597900	63597901	*	1	1	1	3
chr16	63597921	63597922	*	1	1	1	3
chr16	66546722	66546723	*	1	1	1	3
chr16	66547239	66547240	*	1	1	1	3
chr16	66547262	66547263	*	1	1	1	3
chr16	69074184	69074185	*	1	1	1	3
chr16	69074621	69074622	*	1	1	1	3
chr16	69074646	69074647	*	1	1	1	3
chr16	75339535	75339536	*	1	1	1	3
chr16	75339554	75339555	*	1	1	1	3
chr16	75340105	75340106	*	1	1	1	3
chr17	8322814	8322815	*	1	1	1	3
chr17	8323747	8323748	*	1	1	1	3
chr17	8323767	8323768	*	1	1	1	3
chr17	25879080	25879081	*	1	1	1	3
chr17	25879098	25879099	*	1	1	1	3
chr17	25879570	25879571	*	1	1	1	3
chr17	26662502	26662503	*	1	1	1	4
chr17	26662511	26662512	*	1	1	1	4
chr17	26663463	26663464	*	1	1	1	4
chr17	26663470	26663471	*	1	1	1	4
chr17	36996107	36996108	*	1	1	1	3
chr17	36996113	36996114	*	1	1	1	3
chr17	36996547	36996548	*	1	1	1	3
chr17	37028430	37028431	*	2	1	1	4
chr17	37029267	37029268	*	1	1	1	3
chr17	37029271	37029272	*	1	1	1	3
chr17	38085577	38085578	*	1	1	1	3
chr17	41546212	41546213	*	1	1	1	4
chr17	41546226	41546227	*	1	1	1	4
chr17	41546740	41546741	*	1	1	1	4
chr17	41546758	41546759	*	1	1	1	4
chr17	45343455	45343456	*	1	1	1	4
chr17	45343524	45343525	*	1	1	1	4
chr17	45344376	45344377	*	1	1	1	4
chr17	45344387	45344388	*	1	1	1	4
chr17	48399846	48399847	*	1	1	1	3
chr17	48400612	48400613	*	1	1	1	3
chr17	48400628	48400629	*	1	1	1	3
chr17	53522545	53522546	*	1	1	1	3
chr17	53522550	53522551	*	1	1	1	3
chr17	53523062	53523063	*	1	1	1	3
chr17	57862008	57862009	*	1	1	1	4
chr17	57862036	57862037	*	1	1	1	4
chr17	57862740	57862741	*	1	1	1	4
chr17	57862753	57862754	*	1	1	1	4
chr17	57920053	57920054	*	1	1	1	4
chr17	57920060	57920061	*	1	1	1	4
chr17	57920662	57920663	*	1	1	1	4
chr17	57920670	57920671	*	1	1	1	4
chr17	67264963	67264964	*	1	1	1	4
chr17	67265053	67265054	*	1	1	1	4
chr17	67265586	67265587	*	1	1	1	4
chr17	67265607	67265608	*	1	1	1	4
chr17	70335374	70335375	*	1	1	1	3
chr17	70335383	70335384	*	1	1	1	3
chr17	70335802	70335803	*	1	1	1	3
chr17	70418740	70418741	*	1	1	1	3
chr17	70419165	70419166	*	1	1	1	3
chr17	70419222	70419223	*	1	1	1	3
chr17	70461844	70461845	*	1	1	1	4
chr17	70461862	70461863	*	1	1	1	4
chr17	70462580	70462581	*	1	1	1	4
chr17	70462619	70462620	*	1	1	1	4
chr17	71745551	71745552	*	1	1	1	3
chr17	71745809	71745810	*	1	1	1	3
chr17	71745828	71745829	*	1	1	1	3
chr17	72510193	72510194	*	1	1	1	4
chr17	72510580	72510581	*	1	1	1	4
chr17	72510602	72510603	*	1	1	1	4
chr17	72510802	72510803	*	1	1	1	4
chr17	75118073	75118074	*	1	1	1	3
chr17	75118078	75118079	*	1	1	1	3
chr17	75118753	75118754	*	1	1	1	3
chr17	76645649	76645650	*	1	1	1	3
chr17	76645657	76645658	*	1	1	1	3
chr17	76646446	76646447	*	1	1	1	3
chr17	76929629	76929630	*	1	1	1	4
chr17	76929650	76929651	*	1	1	1	4
chr17	76930436	76930437	*	1	1	1	4
chr17	76930454	76930455	*	1	1	1	4
chr18	322724	322725	*	1	1	1	3
chr18	322741	322742	*	1	1	1	3
chr18	323489	323491	*	1	1	0	3
chr18	1269407	1269408	*	1	1	1	3
chr18	1270219	1270220	*	1	1	1	3
chr18	1270227	1270228	*	1	1	1	3
chr18	3256867	3256868	*	1	1	1	4
chr18	3256873	3256874	*	1	1	1	4
chr18	3257463	3257464	*	1	1	1	4
chr18	3257472	3257473	*	1	1	1	4
chr18	21631614	21631615	*	1	1	1	3
chr18	21632143	21632144	*	1	1	1	3
chr18	21632154	21632155	*	1	1	1	3
chr18	32072793	32072794	*	1	1	1	3
chr18	32072812	32072813	*	1	1	1	3
chr18	32073276	32073277	*	1	1	1	3
chr18	39918781	39918782	*	1	1	1	3
chr18	39919488	39919489	*	1	1	1	3
chr18	39919517	39919518	*	1	1	1	3
chr18	40603016	40603017	*	1	1	1	3
chr18	40603023	40603024	*	1	1	1	3
chr18	40603522	40603523	*	1	1	1	3
chr18	60087489	60087490	*	1	1	1	3
chr18	60087515	60087516	*	1	1	1	3
chr18	60088048	60088049	*	1	1	1	3
chr18	68002484	68002485	*	1	1	1	4
chr18	68002501	68002502	*	1	1	1	4
chr18	68003253	68003254	*	1	1	1	4
chr18	68003305	68003306	*	1	1	1	4
chr18	71737063	71737064	*	1	1	1	3
chr18	71737068	71737069	*	1	1	1	3
chr18	71738058	71738059	*	1	1	1	3
chr18	72419176	72419177	*	1	1	1	4
chr18	72419223	72419224	*	1	1	1	4
chr18	72420019	72420020	*	1	1	1	4
chr18	72420052	72420053	*	1	1	1	4
chr18	77479561	77479562	*	1	1	1	4
chr18	77479569	77479570	*	1	1	1	4
chr18	77479819	77479820	*	1	1	1	4
chr18	77480505	77480506	*	1	1	1	4
chr19	4869678	4869679	*	1	1	1	3
chr19	4870345	4870346	*	1	1	1	3
chr19	4870369	4870370	*	1	1	1	3
chr19	10362855	10362856	*	1	1	1	4
chr19	10362860	10362861	*	1	1	1	4
chr19	10363564	10363565	*	1	1	1	4
chr19	10363576	10363577	*	1	1	1	4
chr19	11202604	11202605	*	1	1	1	3
chr19	11203018	11203019	*	1	1	1	3
chr19	11203039	11203040	*	1	1	1	3
chr19	39881346	39881347	*	1	1	1	3
chr19	39881904	39881905	*	1	1	1	3
chr19	39881919	39881920	*	1	1	1	3
chr19	48856975	48856976	*	1	1	1	3
chr19	48856993	48856994	*	1	1	1	3
chr19	48857969	48857970	*	1	1	1	3
chr19	49375577	49375578	*	1	1	1	3
chr19	49375580	49375581	*	1	1	1	3
chr19	49376398	49376399	*	2	1	1	3
chr19	55943788	55943789	*	1	1	1	3
chr19	55943933	55943934	*	1	1	1	3
chr19	55944281	55944282	*	1	1	1	3
chr19	57791278	57791279	*	1	1	1	4
chr19	57791303	57791304	*	1	1	1	4
chr19	57791807	57791808	*	1	1	1	4
chr19	57791824	57791825	*	1	1	1	4
chr2	12717381	12717382	*	1	1	1	3
chr2	12717391	12717392	*	1	1	1	3
chr2	12718163	12718164	*	1	1	1	3
chr2	17774898	17774899	*	1	1	1	3
chr2	17775337	17775338	*	1	1	1	3
chr2	17775363	17775364	*	1	1	1	3
chr2	20638468	20638469	*	1	1	1	3
chr2	20638490	20638491	*	1	1	1	3
chr2	20639089	20639090	*	1	1	1	3
chr2	22278841	22278842	*	1	1	1	3
chr2	22278858	22278859	*	1	1	1	3
chr2	22279820	22279821	*	1	1	1	3
chr2	24978076	24978077	*	1	1	1	3
chr2	24978656	24978657	*	1	1	1	3
chr2	24978668	24978669	*	1	1	1	3
chr2	26235145	26235146	*	1	1	1	3
chr2	26235555	26235556	*	1	1	1	3
chr2	26235560	26235561	*	1	1	1	3
chr2	27960633	27960634	*	1	1	1	4
chr2	27960646	27960647	*	1	1	1	4
chr2	27961498	27961499	*	1	1	1	4
chr2	27961572	27961573	*	1	1	1	4
chr2	36624543	36624544	*	1	1	1	3
chr2	36625197	36625198	*	1	1	1	3
chr2	36625243	36625244	*	1	1	1	3
chr2	38762222	38762223	*	1	1	1	3
chr2	38762933	38762934	*	1	1	1	3
chr2	38762950	38762951	*	1	1	1	3
chr2	46452301	46452302	*	1	1	1	3
chr2	46452314	46452315	*	1	1	1	3
chr2	46453224	46453225	*	1	1	1	3
chr2	48572557	48572558	*	1	1	1	3
chr2	48572577	48572578	*	1	1	1	3
chr2	48573515	48573516	*	1	1	1	3
chr2	55277706	55277707	*	1	1	1	4
chr2	55277712	55277713	*	1	1	1	4
chr2	55278491	55278492	*	1	1	1	4
chr2	55278502	55278503	*	1	1	1	4
chr2	60743249	60743250	*	1	1	1	3
chr2	60743885	60743886	*	1	1	1	3
chr2	60743900	60743901	*	1	1	1	3
chr2	62805290	62805292	*	1	1	0	3
chr2	62806144	62806145	*	1	1	1	3
chr2	62806184	62806185	*	1	1	1	3
chr2	69909873	69909874	*	1	1	1	3
chr2	69910425	69910426	*	1	1	1	3
chr2	69910432	69910433	*	1	1	1	3
chr2	73248178	73248179	*	1	1	1	3
chr2	73248697	73248698	*	1	1	1	3
chr2	73248715	73248716	*	1	1	1	3
chr2	78178901	78178902	*	1	1	1	3
chr2	78178957	78178958	*	1	1	1	3
chr2	78179862	78179863	*	1	1	1	3
chr2	80721882	80721883	*	1	1	1	3
chr2	80722672	80722673	*	1	1	1	3
chr2	80722702	80722703	*	1	1	1	3
chr2	85812308	85812309	*	1	1	1	3
chr2	85812320	85812321	*	1	1	1	3
chr2	85813009	85813010	*	1	1	1	3
chr2	86790660	86790661	*	1	1	1	3
chr2	100907771	100907772	*	1	1	1	4
chr2	100907788	100907789	*	1	1	1	4
chr2	100908740	100908741	*	1	1	1	4
chr2	100908771	100908772	*	1	1	1	4
chr2	101396747	101396748	*	1	1	1	3
chr2	101397426	101397427	*	1	1	1	3
chr2	101397450	101397451	*	1	1	1	3
chr2	101763122	101763123	*	1	1	1	3
chr2	101763698	101763699	*	1	1	1	3
chr2	101763731	101763732	*	1	1	1	3
chr2	102844392	102844393	*	1	1	1	4
chr2	102844410	102844411	*	1	1	1	4
chr2	102844867	102844868	*	1	1	1	4
chr2	102844886	102844887	*	1	1	1	4
chr2	113882258	113882259	*	1	1	1	3
chr2	113882972	113882973	*	1	1	1	3
chr2	113882994	113882995	*	1	1	1	3
chr2	132790878	132790879	*	1	1	1	3
chr2	132790974	132790975	*	1	1	1	3
chr2	132791815	132791816	*	1	1	1	3
chr2	139179062	139179063	*	1	1	1	3
chr2	139179090	139179091	*	1	1	1	3
chr2	139179667	139179668	*	1	1	1	3
chr2	142087927	142087928	*	1	1	1	3
chr2	142087940	142087941	*	1	1	1	3
chr2	142088799	142088800	*	1	1	1	3
chr2	144280459	144280460	*	1	1	1	3
chr2	144280468	144280469	*	1	1	1	3
chr2	144280920	144280921	*	1	1	1	3
chr2	146518541	146518542	*	1	1	1	3
chr2	146518546	146518547	*	1	1	1	3
chr2	146519090	146519091	*	1	1	1	3
chr2	148683975	148683976	*	1	1	1	3
chr2	148684823	148684824	*	1	1	1	3
chr2	148684842	148684843	*	1	1	1	3
chr2	150846178	150846179	*	1	1	1	3
chr2	150846185	150846186	*	1	1	1	3
chr2	150846728	150846729	*	1	1	1	3
chr2	165628551	165628552	*	1	1	1	3
chr2	165628570	165628571	*	1	1	1	3
chr2	165629230	165629231	*	1	1	1	3
chr2	168037841	168037842	*	1	1	1	3
chr2	168037854	168037855	*	1	1	1	3
chr2	168038555	168038556	*	1	1	1	3
chr2	172983497	172983498	*	1	1	1	3
chr2	172983508	172983509	*	1	1	1	3
chr2	172983995	172983996	*	1	1	1	3
chr2	173913722	173913723	*	1	1	1	3
chr2	173913737	173913738	*	1	1	1	3
chr2	173914192	173914193	*	1	1	1	3
chr2	178202456	178202457	*	1	1	1	3
chr2	178202968	178202969	*	1	1	1	3
chr2	178202990	178202991	*	1	1	1	3
chr2	180325398	180325399	*	1	1	1	3
chr2	180325428	180325429	*	1	1	1	3
chr2	180326221	180326222	*	1	1	1	3
chr2	191198767	191198768	*	1	1	1	3
chr2	191199349	191199350	*	1	1	1	4
chr2	191199355	191199356	*	1	1	1	4
chr2	191200142	191200143	*	1	1	1	3
chr2	200538234	200538235	*	1	1	1	3
chr2	200538256	200538257	*	1	1	1	3
chr2	200539221	200539222	*	1	1	1	4
chr2	201642168	201642169	*	1	1	1	4
chr2	201642222	201642223	*	1	1	1	4
chr2	201642948	201642949	*	1	1	1	4
chr2	201642973	201642974	*	1	1	1	4
chr2	208647123	208647124	*	1	1	1	3
chr2	208647815	208647816	*	1	1	1	3
chr2	208647835	208647836	*	1	1	1	3
chr2	208693365	208693366	*	1	1	1	3
chr2	208693386	208693387	*	1	1	1	3
chr2	208693913	208693914	*	1	1	1	3
chr2	208712206	208712207	*	1	1	1	3
chr2	208712808	208712809	*	1	1	1	3
chr2	208712811	208712812	*	1	1	1	3
chr2	213192265	213192266	*	1	1	1	3
chr2	213192285	213192286	*	1	1	1	3
chr2	213193086	213193087	*	1	1	1	3
chr2	216393407	216393408	*	1	1	1	4
chr2	216393446	216393447	*	1	1	1	4
chr2	216394205	216394206	*	1	1	1	4
chr2	216394223	216394224	*	1	1	1	4
chr2	216557187	216557188	*	1	1	1	3
chr2	216557202	216557203	*	1	1	1	3
chr2	216557392	216557393	*	1	1	1	3
chr2	217515700	217515701	*	1	1	1	3
chr2	217515709	217515710	*	1	1	1	3
chr2	217516306	217516307	*	1	1	1	3
chr2	218195870	218195871	*	1	1	1	3
chr2	218196466	218196467	*	1	1	1	3
chr2	218196468	218196469	*	1	1	1	3
chr2	218764349	218764350	*	1	1	1	3
chr2	218764937	218764938	*	1	1	1	3
chr2	218764958	218764959	*	1	1	1	3
chr2	223660044	223660045	*	1	1	1	3
chr2	223660093	223660094	*	1	1	1	3
chr2	223660893	223660894	*	1	1	1	5
chr2	223661511	223661512	*	1	1	1	3
chr2	223661533	223661534	*	1	1	1	3
chr2	227522242	227522243	*	1	1	1	3
chr2	227522973	227522974	*	1	1	1	3
chr2	227522992	227522993	*	1	1	1	3
chr2	236070411	236070412	*	1	1	1	3
chr2	236070417	236070418	*	1	1	1	3
chr2	236071180	236071181	*	1	1	1	3
chr2	239194608	239194609	*	1	1	1	4
chr2	239194626	239194627	*	1	1	1	4
chr2	239195395	239195396	*	1	1	1	4
chr2	239195428	239195429	*	1	1	1	4
chr2	242290325	242290326	*	1	1	1	3
chr2	242290334	242290335	*	1	1	1	3
chr2	242291292	242291293	*	1	1	1	3
chr20	5802541	5802542	*	1	1	1	3
chr20	5803440	5803441	*	1	1	1	3
chr20	5803454	5803455	*	1	1	1	3
chr20	10546419	10546420	*	1	1	1	4
chr20	10546425	10546426	*	1	1	1	4
chr20	10547123	10547124	*	1	1	1	4
chr20	10547139	10547140	*	1	1	1	4
chr20	14965931	14965932	*	1	1	1	4
chr20	14966899	14966900	*	1	1	1	3
chr20	14966923	14966924	*	1	1	1	3
chr20	19755396	19755397	*	1	1	1	3
chr20	19755409	19755410	*	1	1	1	3
chr20	19756203	19756204	*	1	1	1	3
chr20	23128657	23128658	*	1	1	1	3
chr20	23129100	23129101	*	1	1	1	3
chr20	23129143	23129144	*	1	1	1	3
chr20	23641311	23641312	*	1	1	1	4
chr20	23641337	23641338	*	1	1	1	4
chr20	23642292	23642293	*	1	1	1	4
chr20	23642310	23642311	*	1	1	1	4
chr20	24753480	24753481	*	1	1	1	3
chr20	24754477	24754478	*	1	1	1	3
chr20	25290155	25290156	*	1	1	1	3
chr20	25291102	25291103	*	1	1	1	3
chr20	25291117	25291118	*	1	1	1	3
chr20	29651521	29651522	*	1	1	1	3
chr20	29652259	29652260	*	1	1	1	3
chr20	29652270	29652271	*	1	1	1	3
chr20	30913807	30913808	*	1	1	1	4
chr20	30913834	30913835	*	1	1	1	4
chr20	30914470	30914471	*	1	1	1	4
chr20	30914509	30914510	*	1	1	1	4
chr20	31273678	31273679	*	1	1	1	3
chr20	31273697	31273698	*	1	1	1	3
chr20	31274137	31274138	*	1	1	1	3
chr20	33907077	33907078	*	1	1	1	3
chr20	33907097	33907098	*	1	1	1	3
chr20	33907595	33907596	*	1	1	1	3
chr20	34202707	34202708	*	1	1	1	3
chr20	34202711	34202712	*	1	1	1	3
chr20	34203695	34203696	*	1	1	1	3
chr20	34673030	34673031	*	1	1	1	3
chr20	34673835	34673836	*	1	1	1	3
chr20	34673845	34673846	*	1	1	1	3
chr20	42286169	42286170	*	1	1	1	3
chr20	42286915	42286916	*	1	1	1	3
chr20	42286935	42286936	*	1	1	1	3
chr20	43988563	43988564	*	1	1	1	3
chr20	43988577	43988578	*	1	1	1	3
chr20	43989138	43989139	*	1	1	1	3
chr20	44730770	44730771	*	1	1	1	3
chr20	44730789	44730790	*	1	1	1	4
chr20	44731768	44731769	*	1	1	1	4
chr20	44731787	44731788	*	1	1	1	3
chr20	45278412	45278413	*	1	1	1	3
chr20	45278417	45278418	*	1	1	1	3
chr20	45279254	45279255	*	1	1	1	3
chr20	46924402	46924403	*	1	1	1	3
chr20	46924427	46924428	*	1	1	1	3
chr20	46924889	46924890	*	1	1	1	3
chr20	48064542	48064543	*	1	1	1	3
chr20	48064893	48064894	*	1	1	1	3
chr20	48064909	48064910	*	1	1	1	3
chr20	48292434	48292435	*	1	1	1	4
chr20	48293424	48293425	*	1	1	1	3
chr20	48293429	48293430	*	1	1	1	3
chr20	48392002	48392003	*	1	1	1	3
chr20	48392023	48392024	*	1	1	1	3
chr20	48392895	48392896	*	1	1	1	3
chr20	48417356	48417357	*	1	1	1	3
chr20	48532217	48532218	*	1	1	1	4
chr20	48532275	48532276	*	1	1	1	4
chr20	48533115	48533116	*	1	1	1	4
chr20	48533159	48533160	*	1	1	1	4
chr20	48753948	48753949	*	1	1	1	3
chr20	48754850	48754851	*	1	1	1	3
chr20	48754887	48754888	*	1	1	1	3
chr20	50427718	50427719	*	1	1	1	3
chr20	50427723	50427724	*	1	1	1	3
chr20	50428683	50428684	*	1	1	1	3
chr20	50847926	50847927	*	1	1	1	4
chr20	50847967	50847968	*	1	1	1	4
chr20	50848743	50848744	*	1	1	1	4
chr20	50848755	50848756	*	1	1	1	4
chr20	51698010	51698011	*	1	1	1	3
chr20	51698040	51698041	*	1	1	1	3
chr20	51698580	51698581	*	1	1	1	3
chr20	52731610	52731611	*	1	1	1	3
chr20	52732482	52732483	*	1	1	1	3
chr20	52732502	52732503	*	1	1	1	3
chr20	57445071	57445072	*	1	1	1	3
chr20	57445085	57445086	*	1	1	1	3
chr20	57445929	57445930	*	1	1	1	3
chr20	61970806	61970807	*	1	1	1	3
chr20	61970856	61970857	*	1	1	1	3
chr20	61971383	61971384	*	1	1	1	4
chr21	16494289	16494290	*	1	1	1	4
chr21	16494312	16494313	*	1	1	1	4
chr21	16494794	16494795	*	1	1	1	4
chr21	16494814	16494815	*	1	1	1	4
chr21	36208496	36208497	*	1	1	1	3
chr21	36208509	36208510	*	1	1	1	3
chr21	36209023	36209024	*	1	1	1	3
chr22	27140526	27140527	*	1	1	1	3
chr22	27141075	27141076	*	1	1	1	3
chr22	27141077	27141078	*	1	1	1	3
chr22	37593018	37593019	*	1	1	1	3
chr22	37593882	37593883	*	1	1	1	3
chr22	37593904	37593905	*	1	1	1	3
chr22	40894715	40894716	*	1	1	1	3
chr22	40894718	40894719	*	1	1	1	3
chr22	40895348	40895349	*	1	1	1	3
chr22	47330989	47330990	*	1	1	1	3
chr22	47330994	47330995	*	1	1	1	3
chr22	47331883	47331884	*	1	1	1	3
chr3	9757732	9757733	*	1	1	1	3
chr3	9757748	9757749	*	1	1	1	3
chr3	9758700	9758701	*	1	1	1	3
chr3	24314491	24314492	*	1	1	1	3
chr3	24314516	24314517	*	1	1	1	3
chr3	24315088	24315089	*	1	1	1	3
chr3	28091624	28091625	*	1	1	1	3
chr3	28092564	28092565	*	1	1	1	3
chr3	28092579	28092580	*	1	1	1	3
chr3	30667682	30667683	*	1	1	1	4
chr3	30667691	30667692	*	1	1	1	4
chr3	30668476	30668477	*	1	1	1	4
chr3	30668482	30668483	*	1	1	1	4
chr3	73016897	73016898	*	1	1	1	3
chr3	73016913	73016914	*	1	1	1	3
chr3	73017487	73017488	*	1	1	1	3
chr3	78898200	78898201	*	1	1	1	3
chr3	78898210	78898211	*	1	1	1	3
chr3	78898931	78898932	*	1	1	1	3
chr3	78956779	78956780	*	1	1	1	3
chr3	78956792	78956793	*	1	1	1	3
chr3	78957598	78957599	*	1	1	1	3
chr3	79021418	79021419	*	1	1	1	3
chr3	79021467	79021468	*	1	1	1	3
chr3	79021990	79021991	*	1	1	1	3
chr3	81297973	81297974	*	1	1	1	4
chr3	81297993	81297994	*	1	1	1	4
chr3	81298874	81298875	*	1	1	1	4
chr3	81298893	81298894	*	1	1	1	4
chr3	114214980	114214981	*	1	1	1	3
chr3	114215903	114215904	*	1	1	1	3
chr3	114215931	114215932	*	1	1	1	3
chr3	115232149	115232150	*	1	1	1	3
chr3	115232159	115232160	*	1	1	1	3
chr3	115232900	115232901	*	1	1	1	3
chr3	122084579	122084580	*	1	1	1	4
chr3	122084588	122084589	*	1	1	1	4
chr3	122085440	122085441	*	1	1	1	4
chr3	122085455	122085456	*	1	1	1	4
chr3	123324214	123324215	*	1	1	1	4
chr3	123324217	123324218	*	1	1	1	4
chr3	123324945	123324946	*	1	1	1	4
chr3	123324955	123324956	*	1	1	1	4
chr3	124553099	124553100	*	1	1	1	3
chr3	124553124	124553125	*	1	1	1	3
chr3	124553610	124553611	*	1	1	1	3
chr3	126831964	126831965	*	1	1	1	3
chr3	126832528	126832529	*	1	1	1	3
chr3	126832543	126832544	*	1	1	1	3
chr3	129331413	129331414	*	1	1	1	3
chr3	129331973	129331974	*	1	1	1	3
chr3	129331992	129331993	*	1	1	1	3
chr3	145940417	145940418	*	1	1	1	3
chr3	145941373	145941374	*	1	1	1	3
chr3	145941387	145941388	*	1	1	1	3
chr3	149118639	149118640	*	1	1	1	3
chr3	149119510	149119511	*	1	1	1	3
chr3	149119530	149119531	*	1	1	1	3
chr3	150454329	150454330	*	1	1	1	4
chr3	150455297	150455298	*	1	1	1	3
chr3	150455306	150455307	*	1	1	1	3
chr3	150915915	150915916	*	1	1	1	3
chr3	150915919	150915920	*	1	1	1	3
chr3	150916440	150916441	*	1	1	1	3
chr3	176854010	176854011	*	1	1	1	3
chr3	176854737	176854738	*	1	1	1	3
chr3	176854743	176854744	*	1	1	1	3
chr3	181929740	181929741	*	1	1	1	3
chr3	181930391	181930392	*	1	1	1	4
chr3	181930420	181930421	*	1	1	1	4
chr3	181930809	181930810	*	1	1	1	3
chr3	187249806	187249807	*	1	1	1	3
chr3	187249815	187249816	*	1	1	1	3
chr3	187250647	187250648	*	1	1	1	3
chr3	188012825	188012826	*	1	1	1	3
chr3	188012831	188012832	*	1	1	1	3
chr3	188013030	188013031	*	1	1	1	3
chr3	188557200	188557201	*	1	1	1	3
chr3	188557224	188557225	*	1	1	1	4
chr3	188558186	188558187	*	1	1	1	4
chr3	188558201	188558202	*	1	1	1	3
chr3	190024485	190024486	*	1	1	1	3
chr3	190025199	190025200	*	1	1	1	3
chr3	190025214	190025215	*	1	1	1	3
chr4	8429611	8429612	*	1	1	1	3
chr4	8430232	8430233	*	1	1	1	3
chr4	8430234	8430235	*	1	1	1	3
chr4	21254284	21254285	*	1	1	1	3
chr4	21254297	21254298	*	1	1	1	3
chr4	21255071	21255072	*	1	1	1	3
chr4	39623372	39623373	*	1	1	1	3
chr4	39623397	39623398	*	1	1	1	3
chr4	39624322	39624323	*	1	1	1	3
chr4	69961328	69961329	*	1	1	1	3
chr4	69961354	69961355	*	1	1	1	3
chr4	69961986	69961987	*	1	1	1	3
chr4	79410125	79410126	*	1	1	1	3
chr4	79410753	79410754	*	1	1	1	3
chr4	79410765	79410766	*	1	1	1	3
chr4	100324945	100324946	*	1	1	1	4
chr4	100324958	100324959	*	1	1	1	4
chr4	100325817	100325818	*	1	1	1	4
chr4	100325829	100325830	*	1	1	1	4
chr4	103457152	103457153	*	1	1	1	4
chr4	103458123	103458124	*	1	1	1	3
chr4	103458129	103458130	*	1	1	1	3
chr4	124520375	124520376	*	1	1	1	3
chr4	124520923	124520924	*	1	1	1	3
chr4	124520929	124520930	*	1	1	1	3
chr4	128692836	128692837	*	1	1	1	3
chr4	128692863	128692864	*	1	1	1	3
chr4	128693522	128693523	*	1	1	1	3
chr4	139887843	139887844	*	1	1	1	3
chr4	139888650	139888651	*	1	1	1	3
chr4	139888666	139888667	*	1	1	1	3
chr4	155480747	155480748	*	1	1	1	4
chr4	155480788	155480789	*	1	1	1	4
chr4	155481528	155481529	*	1	1	1	5
chr4	155481530	155481531	*	1	1	1	5
chr4	155482112	155482113	*	1	1	1	3
chr4	157215313	157215314	*	1	1	1	3
chr4	157215325	157215326	*	1	1	1	3
chr4	157215846	157215847	*	1	1	1	3
chr4	185546125	185546126	*	1	1	1	3
chr4	185547018	185547019	*	1	1	1	3
chr4	185547038	185547039	*	1	1	1	3
chr4	186948023	186948024	*	1	1	1	3
chr4	186948802	186948803	*	1	1	1	3
chr4	186948834	186948835	*	1	1	1	3
chr5	14038655	14038656	*	1	1	1	3
chr5	14039309	14039310	*	1	1	1	3
chr5	14039325	14039326	*	1	1	1	3
chr5	14264905	14264906	*	1	1	1	3
chr5	14264910	14264911	*	1	1	1	3
chr5	14265845	14265846	*	1	1	1	3
chr5	15008790	15008791	*	1	1	1	3
chr5	15008807	15008808	*	1	1	1	3
chr5	15009690	15009691	*	1	1	1	3
chr5	32531870	32531871	*	1	1	1	3
chr5	32531911	32531912	*	1	1	1	3
chr5	32532305	32532306	*	1	1	1	3
chr5	37717392	37717393	*	1	1	1	3
chr5	37718158	37718159	*	1	1	1	3
chr5	37718176	37718177	*	1	1	1	3
chr5	38148250	38148251	*	1	1	1	3
chr5	38149235	38149236	*	1	1	1	3
chr5	38164161	38164162	*	1	1	1	3
chr5	38165065	38165066	*	1	1	1	3
chr5	38165085	38165086	*	1	1	1	3
chr5	42812074	42812075	*	1	1	1	3
chr5	42812889	42812890	*	1	1	1	3
chr5	42812898	42812899	*	1	1	1	3
chr5	61668624	61668625	*	1	1	1	3
chr5	61669397	61669398	*	1	1	1	3
chr5	61669410	61669411	*	1	1	1	3
chr5	65938484	65938485	*	1	1	1	4
chr5	65938506	65938507	*	1	1	1	4
chr5	65939388	65939389	*	1	1	1	4
chr5	65939401	65939402	*	1	1	1	4
chr5	68168205	68168206	*	1	1	1	3
chr5	68169057	68169058	*	1	1	1	3
chr5	68169062	68169063	*	1	1	1	3
chr5	68798011	68798012	*	1	1	1	3
chr5	68798814	68798815	*	1	1	1	3
chr5	68798826	68798827	*	1	1	1	3
chr5	73119008	73119009	*	1	1	1	3
chr5	73119045	73119046	*	1	1	1	3
chr5	73119781	73119782	*	1	1	1	3
chr5	74058597	74058598	*	1	1	1	3
chr5	74059521	74059522	*	1	1	1	3
chr5	74059531	74059532	*	1	1	1	3
chr5	77893329	77893330	*	1	1	1	4
chr5	77893360	77893361	*	1	1	1	4
chr5	77894064	77894065	*	1	1	1	4
chr5	77894077	77894078	*	1	1	1	4
chr5	82271869	82271870	*	1	1	1	3
chr5	83458728	83458729	*	1	1	1	3
chr5	83459700	83459701	*	1	1	1	3
chr5	83459705	83459706	*	1	1	1	3
chr5	89843148	89843149	*	1	1	1	3
chr5	89844113	89844114	*	1	1	1	3
chr5	89844117	89844118	*	1	1	1	3
chr5	95178154	95178155	*	1	1	1	3
chr5	95178163	95178164	*	1	1	1	3
chr5	95179015	95179016	*	1	1	1	3
chr5	95197836	95197837	*	1	1	1	4
chr5	95198571	95198572	*	1	1	1	3
chr5	95198586	95198587	*	1	1	1	3
chr5	127615237	127615238	*	1	1	1	3
chr5	127615252	127615253	*	1	1	1	3
chr5	127615680	127615681	*	1	1	1	3
chr5	142975131	142975132	*	1	1	1	3
chr5	142975944	142975945	*	1	1	1	3
chr5	142975957	142975958	*	1	1	1	3
chr5	147215117	147215118	*	1	1	1	3
chr5	147215124	147215125	*	1	1	1	3
chr5	147215630	147215631	*	1	1	1	4
chr5	150997714	150997715	*	1	1	1	3
chr5	150997749	150997750	*	1	1	1	3
chr5	150998610	150998612	*	1	1	0	3
chr5	156717664	156717665	*	1	1	1	3
chr5	156717697	156717698	*	1	1	1	3
chr5	156718494	156718495	*	1	1	1	3
chr5	158770064	158770065	*	1	1	1	3
chr5	158770084	158770085	*	1	1	1	3
chr5	158770865	158770866	*	1	1	1	3
chr5	172295684	172295685	*	1	1	1	3
chr5	172295698	172295699	*	1	1	1	3
chr5	172296455	172296456	*	1	1	1	3
chr5	172881541	172881542	*	1	1	1	3
chr5	172882504	172882505	*	1	1	1	3
chr5	172882530	172882531	*	1	1	1	3
chr5	173191608	173191609	*	1	1	1	3
chr5	173191614	173191615	*	1	1	1	3
chr5	173192346	173192347	*	1	1	1	3
chr5	173396678	173396679	*	1	1	1	3
chr5	173396721	173396722	*	1	1	1	3
chr5	173397512	173397513	*	1	1	1	3
chr5	176972619	176972620	*	1	1	1	4
chr5	176972631	176972632	*	1	1	1	4
chr5	176973531	176973532	*	1	1	1	4
chr5	176973535	176973536	*	1	1	1	4
chr6	2876957	2876958	*	1	1	1	3
chr6	2876967	2876968	*	1	1	1	3
chr6	2877881	2877882	*	1	1	1	3
chr6	3338255	3338256	*	1	1	1	3
chr6	3338272	3338273	*	1	1	1	3
chr6	3338993	3338994	*	1	1	1	3
chr6	3489696	3489697	*	1	1	1	3
chr6	3490394	3490395	*	1	1	1	3
chr6	3490398	3490399	*	1	1	1	3
chr6	3798002	3798003	*	1	1	1	3
chr6	3798372	3798373	*	1	1	1	3
chr6	3798391	3798392	*	1	1	1	3
chr6	3913449	3913450	*	1	1	1	3
chr6	3913452	3913453	*	1	1	1	3
chr6	3913998	3913999	*	1	1	1	3
chr6	16729613	16729614	*	1	1	1	3
chr6	16729659	16729660	*	1	1	1	3
chr6	16729816	16729817	*	1	1	1	3
chr6	17714583	17714584	*	1	1	1	3
chr6	17714597	17714598	*	1	1	1	3
chr6	17715467	17715468	*	1	1	1	3
chr6	26026028	26026029	*	1	1	1	3
chr6	26026616	26026617	*	1	1	1	3
chr6	26026634	26026635	*	1	1	1	3
chr6	27088820	27088821	*	1	1	1	4
chr6	27088833	27088834	*	1	1	1	4
chr6	27089574	27089575	*	1	1	1	4
chr6	27089580	27089581	*	1	1	1	4
chr6	30028248	30028249	*	1	1	1	3
chr6	30028957	30028958	*	1	1	1	3
chr6	30028966	30028967	*	1	1	1	3
chr6	30726999	30727000	*	1	1	1	3
chr6	30727439	30727440	*	1	1	1	3
chr6	30727472	30727473	*	1	1	1	3
chr6	31171225	31171226	*	1	1	1	3
chr6	31171236	31171237	*	1	1	1	3
chr6	31171874	31171875	*	1	1	1	3
chr6	44125510	44125511	*	1	1	1	3
chr6	44126090	44126091	*	1	1	1	3
chr6	44126104	44126105	*	1	1	1	3
chr6	47102614	47102615	*	1	1	1	3
chr6	47103608	47103609	*	1	1	1	3
chr6	47156399	47156400	*	1	1	1	3
chr6	47156414	47156415	*	1	1	1	3
chr6	47156616	47156617	*	1	1	1	3
chr6	52984358	52984359	*	1	1	1	3
chr6	52985045	52985046	*	1	1	1	3
chr6	52985090	52985091	*	1	1	1	3
chr6	56264235	56264236	*	1	1	1	4
chr6	56264267	56264268	*	1	1	1	5
chr6	56264543	56264544	*	1	1	1	5
chr6	56265216	56265217	*	1	1	1	5
chr6	56265256	56265257	*	1	1	1	4
chr6	56579139	56579140	*	1	1	1	3
chr6	56579898	56579899	*	1	1	1	3
chr6	56579904	56579905	*	1	1	1	3
chr6	64516308	64516309	*	1	1	1	4
chr6	64516392	64516393	*	1	1	1	4
chr6	64517133	64517134	*	1	1	1	4
chr6	64517144	64517145	*	1	1	1	4
chr6	84979265	84979266	*	1	1	1	3
chr6	84979908	84979909	*	1	1	1	3
chr6	84979914	84979915	*	1	1	1	3
chr6	89744558	89744559	*	1	1	1	3
chr6	89744585	89744586	*	1	1	1	3
chr6	89745434	89745435	*	1	1	1	3
chr6	107861965	107861966	*	1	1	1	3
chr6	107862024	107862025	*	1	1	1	3
chr6	107862563	107862564	*	1	1	1	3
chr6	127567649	127567650	*	1	1	1	3
chr6	127567657	127567658	*	1	1	1	3
chr6	127568459	127568460	*	1	1	1	3
chr6	128385767	128385768	*	1	1	1	3
chr6	128386397	128386398	*	1	1	1	3
chr6	128386406	128386407	*	1	1	1	3
chr6	129994208	129994209	*	1	1	1	3
chr6	129994682	129994683	*	1	1	1	3
chr6	129994703	129994704	*	1	1	1	3
chr6	138408941	138408942	*	1	1	1	3
chr6	138409536	138409537	*	1	1	1	3
chr6	138409545	138409546	*	1	1	1	3
chr6	143380971	143380972	*	1	1	1	3
chr6	143380998	143380999	*	1	1	1	3
chr6	143381786	143381787	*	1	1	1	3
chr6	145529808	145529809	*	1	1	1	4
chr6	145529821	145529822	*	1	1	1	4
chr6	145530671	145530672	*	1	1	1	4
chr6	145530674	145530675	*	1	1	1	4
chr6	151357602	151357603	*	1	1	1	3
chr6	151417297	151417298	*	1	1	1	3
chr6	151417300	151417301	*	1	1	1	3
chr6	151418080	151418081	*	1	1	1	3
chr6	151447382	151447383	*	1	1	1	3
chr6	151447466	151447467	*	1	1	1	3
chr6	151448374	151448375	*	1	1	1	3
chr6	151949036	151949037	*	1	1	1	3
chr6	151949041	151949042	*	1	1	1	3
chr6	151949456	151949457	*	1	1	1	3
chr6	155849692	155849693	*	1	1	1	4
chr6	155849702	155849703	*	1	1	1	4
chr6	155850301	155850302	*	1	1	1	4
chr6	155850333	155850334	*	1	1	1	4
chr6	158184620	158184621	*	1	1	1	3
chr6	158185619	158185620	*	1	1	1	3
chr6	163148952	163148953	*	1	1	1	3
chr6	163148994	163148995	*	1	1	1	3
chr6	163149936	163149937	*	1	1	1	3
chr6	166773859	166773860	*	1	1	1	3
chr6	166773874	166773875	*	1	1	1	3
chr6	166774774	166774775	*	1	1	1	3
chr6	169692030	169692031	*	1	1	1	4
chr6	169692546	169692547	*	1	1	1	4
chr6	169692935	169692936	*	1	1	1	4
chr6	169692939	169692940	*	1	1	1	4
chr7	7758296	7758297	*	1	1	1	3
chr7	7759127	7759128	*	1	1	1	3
chr7	7759131	7759132	*	1	1	1	3
chr7	13056749	13056750	*	1	1	1	3
chr7	13057212	13057213	*	1	1	1	3
chr7	13057220	13057221	*	1	1	1	3
chr7	13191223	13191224	*	1	1	1	3
chr7	13191773	13191774	*	1	1	1	3
chr7	13191784	13191785	*	1	1	1	3
chr7	24694119	24694120	*	1	1	1	3
chr7	24694122	24694123	*	1	1	1	3
chr7	24694549	24694550	*	1	1	1	3
chr7	37011234	37011235	*	1	1	1	3
chr7	37011261	37011262	*	1	1	1	3
chr7	37011907	37011908	*	1	1	1	3
chr7	79091212	79091213	*	1	1	1	3
chr7	79091222	79091223	*	1	1	1	3
chr7	79091754	79091755	*	1	1	1	3
chr7	79847673	79847674	*	1	1	1	4
chr7	79847677	79847678	*	1	1	1	4
chr7	79848208	79848209	*	1	1	1	4
chr7	79848210	79848211	*	1	1	1	4
chr7	94326814	94326815	*	1	1	1	4
chr7	94326835	94326836	*	1	1	1	4
chr7	94327739	94327740	*	1	1	1	4
chr7	94327778	94327779	*	1	1	1	4
chr7	98648353	98648354	*	1	1	1	3
chr7	98648775	98648776	*	1	1	1	3
chr7	98648777	98648778	*	1	1	1	3
chr7	103650741	103650742	*	1	1	1	3
chr7	103651138	103651139	*	1	1	1	3
chr7	103651167	103651168	*	1	1	1	3
chr7	112089581	112089582	*	1	1	1	3
chr7	112089589	112089590	*	1	1	1	3
chr7	112090454	112090455	*	1	1	1	3
chr7	115945687	115945688	*	1	1	1	3
chr7	115946243	115946244	*	1	1	1	3
chr7	115946261	115946262	*	1	1	1	3
chr7	134052820	134052821	*	1	1	1	3
chr7	134052830	134052831	*	1	1	1	3
chr7	134053808	134053809	*	1	1	1	4
chr7	137930188	137930189	*	1	1	1	3
chr7	137930658	137930659	*	1	1	1	3
chr7	137930682	137930683	*	1	1	1	3
chr7	151337916	151337917	*	1	1	1	3
chr7	151337928	151337929	*	1	1	1	3
chr7	151338885	151338886	*	1	1	1	3
chr7	157901755	157901756	*	1	1	1	3
chr7	157902497	157902498	*	1	1	1	3
chr7	157902530	157902531	*	1	1	1	3
chr8	580368	580369	*	1	1	1	4
chr8	581066	581067	*	1	1	1	3
chr8	581070	581071	*	1	1	1	3
chr8	13210812	13210813	*	1	1	1	3
chr8	13211638	13211639	*	1	1	1	3
chr8	13211681	13211682	*	1	1	1	3
chr8	19522474	19522475	*	1	1	1	3
chr8	19523046	19523047	*	1	1	1	3
chr8	19523055	19523056	*	1	1	1	3
chr8	26438399	26438400	*	1	1	1	4
chr8	26438402	26438403	*	1	1	1	4
chr8	26439307	26439308	*	1	1	1	4
chr8	26439327	26439328	*	1	1	1	4
chr8	26465874	26465875	*	1	1	1	3
chr8	26466391	26466392	*	1	1	1	3
chr8	26466398	26466399	*	1	1	1	3
chr8	27471738	27471739	*	1	1	1	3
chr8	27472284	27472285	*	1	1	1	3
chr8	27472303	27472304	*	1	1	1	3
chr8	31530280	31530281	*	1	1	1	4
chr8	31530788	31530789	*	1	1	1	4
chr8	31531204	31531205	*	1	1	1	4
chr8	31531237	31531238	*	1	1	1	4
chr8	37482465	37482466	*	1	1	1	3
chr8	37482469	37482470	*	1	1	1	3
chr8	37482949	37482950	*	1	1	1	3
chr8	38385236	38385237	*	1	1	1	3
chr8	38385779	38385780	*	1	1	1	3
chr8	38385801	38385802	*	1	1	1	3
chr8	58990932	58990933	*	1	1	1	3
chr8	58991625	58991626	*	1	1	1	3
chr8	58991637	58991638	*	1	1	1	3
chr8	62672406	62672407	*	1	1	1	4
chr8	62672410	62672411	*	1	1	1	4
chr8	62672887	62672888	*	1	1	1	4
chr8	62672895	62672896	*	1	1	1	4
chr8	90623775	90623776	*	1	1	1	3
chr8	90624191	90624192	*	1	1	1	3
chr8	90624194	90624195	*	1	1	1	3
chr8	96112939	96112940	*	1	1	1	3
chr8	96112946	96112947	*	1	1	1	3
chr8	96113464	96113465	*	1	1	1	3
chr8	99895571	99895572	*	1	1	1	3
chr8	99896312	99896313	*	1	1	1	3
chr8	99896331	99896332	*	1	1	1	3
chr8	103343587	103343588	*	1	1	1	3
chr8	103343598	103343599	*	1	1	1	3
chr8	103344313	103344314	*	1	1	1	3
chr8	108888577	108888578	*	1	1	1	3
chr8	108888595	108888596	*	1	1	1	3
chr8	108889539	108889540	*	1	1	1	3
chr8	110241529	110241530	*	1	1	1	3
chr8	110241542	110241543	*	1	1	1	3
chr8	110241913	110241914	*	1	1	1	3
chr8	119908939	119908940	*	1	1	1	3
chr8	119908954	119908955	*	1	1	1	3
chr8	119909501	119909502	*	1	1	1	3
chr8	123768622	123768623	*	1	1	1	3
chr8	123768631	123768632	*	1	1	1	3
chr8	123769528	123769530	*	1	1	0	3
chr8	126283802	126283803	*	1	1	1	3
chr8	126283820	126283821	*	1	1	1	3
chr8	126284786	126284787	*	1	1	1	3
chr8	129209454	129209455	*	1	1	1	3
chr8	129210018	129210019	*	1	1	1	3
chr8	129210037	129210038	*	1	1	1	3
chr8	140227715	140227716	*	1	1	1	3
chr8	140227739	140227740	*	1	1	1	3
chr8	140228194	140228195	*	1	1	1	3
chr8	145682159	145682160	*	1	1	1	3
chr8	145682194	145682195	*	1	1	1	3
chr8	145682547	145682548	*	1	1	1	3
chr8	145992907	145992908	*	1	1	1	3
chr8	145992928	145992929	*	1	1	1	3
chr8	145993820	145993821	*	1	1	1	3
chr9	22211311	22211312	*	1	1	1	3
chr9	33029612	33029613	*	1	1	1	3
chr9	33029657	33029658	*	1	1	1	3
chr9	33030257	33030258	*	1	1	1	3
chr9	74380860	74380861	*	1	1	1	4
chr9	74380867	74380868	*	1	1	1	4
chr9	74381654	74381655	*	1	1	1	4
chr9	74381672	74381673	*	1	1	1	4
chr9	84243972	84243973	*	1	1	1	4
chr9	84243980	84243981	*	1	1	1	4
chr9	84244521	84244522	*	1	1	1	4
chr9	84244537	84244538	*	1	1	1	4
chr9	93959642	93959643	*	1	1	1	3
chr9	93960367	93960368	*	1	1	1	3
chr9	93960381	93960382	*	1	1	1	3
chr9	104127662	104127663	*	1	1	1	4
chr9	104127665	104127666	*	1	1	1	4
chr9	104128536	104128537	*	1	1	1	4
chr9	104128571	104128572	*	1	1	1	4
chr9	115901247	115901248	*	1	1	1	3
chr9	115901268	115901269	*	1	1	1	3
chr9	115901962	115901963	*	1	1	1	3
chr9	123529097	123529098	*	1	1	1	3
chr9	123529136	123529137	*	1	1	1	3
chr9	123529861	123529863	*	1	1	0	3
chr9	126696248	126696249	*	1	1	1	3
chr9	126696252	126696253	*	1	1	1	3
chr9	126696743	126696744	*	1	1	1	3
chr9	126841127	126841128	*	1	1	1	3
chr9	126906341	126906342	*	1	1	1	3
chr9	126906353	126906354	*	1	1	1	3
chr9	126907045	126907046	*	1	1	1	3
chr9	131316980	131316981	*	1	1	1	3
chr9	131317634	131317635	*	1	1	1	3
chr9	131317655	131317656	*	1	1	1	3
chr9	132257887	132257888	*	1	1	1	3
chr9	132258364	132258365	*	1	1	1	3
chr9	132258384	132258385	*	1	1	1	3
chr9	135145156	135145157	*	1	1	1	3
chr9	135145747	135145748	*	1	1	1	3
chr9	135145769	135145770	*	1	1	1	3
chrX	118175383	118175385	*	1	1	0	3
chrX	118176187	118176188	*	1	1	1	3
chrX	118176200	118176201	*	1	1	1	3
chrX	152095084	152095085	*	1	1	1	3
chrX	152095750	152095751	*	1	1	1	3
chrX	152095760	152095761	*	1	1	1	3
